node_id,community_id,community_size
1158720,0,87
2408920,0,87
1717770,0,87
3272300,0,87
2387780,0,87
1073230,0,87
616620,0,87
1284110,0,87
348190,0,87
671610,0,87
1978590,0,87
699670,0,87
317470,0,87
796340,0,87
670820,0,87
1051200,0,87
2359470,0,87
3301740,0,87
34630,0,87
34640,0,87
2742840,0,87
222520,0,87
3101720,0,87
332570,0,87
763010,0,87
1104250,0,87
2217580,0,87
1948430,0,87
3098490,0,87
2662780,0,87
2701250,0,87
220860,0,87
2820800,0,87
2983510,0,87
2613890,0,87
625340,0,87
341390,0,87
2628460,0,87
656040,0,87
251950,0,87
883130,0,87
678450,0,87
625860,0,87
350700,0,87
1058830,0,87
2787840,0,87
718730,0,87
2931920,0,87
1058140,0,87
577710,0,87
1274130,0,87
2430730,0,87
2725650,0,87
990640,0,87
931090,0,87
97000,0,87
2497900,0,87
1141760,0,87
1061880,0,87
1477020,0,87
3561770,0,87
491110,0,87
386260,0,87
2630100,0,87
2464880,0,87
1559680,0,87
465780,0,87
2434340,0,87
674130,0,87
2555430,0,87
3253830,0,87
523660,0,87
770400,0,87
1078120,0,87
415860,0,87
1792010,0,87
1240050,0,87
2280060,0,87
674560,0,87
3104480,0,87
3093120,0,87
2538000,0,87
1000760,0,87
2981590,0,87
881690,0,87
1390350,0,87
58610,0,87
718940,1,11
1246020,1,11
3151900,1,11
1071090,1,11
572000,1,11
2320130,1,11
2464470,1,11
3015610,1,11
2250060,1,11
3147390,1,11
1568540,1,11
2819750,2,23
1167790,2,23
3569430,2,23
3247270,2,23
2909680,2,23
1058370,2,23
3001900,2,23
2209910,2,23
1591570,2,23
3389330,2,23
2904320,2,23
3393620,2,23
2347910,2,23
2789420,2,23
351800,2,23
1451740,2,23
2626910,2,23
787450,2,23
3048500,2,23
882410,2,23
519170,2,23
3376740,2,23
992310,2,23
1047810,3,10
282100,3,10
265730,3,10
885810,3,10
1184420,3,10
3185760,3,10
2877480,3,10
440540,3,10
593280,3,10
3221750,3,10
1958270,4,123
2900,4,123
1520850,4,123
463080,4,123
490370,4,123
808360,4,123
1961950,4,123
34900,4,123
809200,4,123
322030,4,123
701940,4,123
2956280,4,123
878350,4,123
2910,4,123
1498130,4,123
292660,4,123
885150,4,123
987020,4,123
1051310,4,123
1226160,4,123
2094600,4,123
1910130,4,123
748880,4,123
2971610,4,123
443070,4,123
1116540,4,123
12370,4,123
305920,4,123
2392500,4,123
1691970,4,123
2356310,4,123
1309480,4,123
91700,4,123
461600,4,123
683940,4,123
427510,4,123
299180,4,123
1620,4,123
402160,4,123
2998750,4,123
792120,4,123
1750570,4,123
547900,4,123
970560,4,123
823310,4,123
311240,4,123
1639990,4,123
1140570,4,123
299100,4,123
1610,4,123
1730650,4,123
1008020,4,123
2344820,4,123
1863390,4,123
3009460,4,123
1891090,4,123
2633170,4,123
711980,4,123
2322520,4,123
1315160,4,123
965760,4,123
1967700,4,123
12470,4,123
286200,4,123
355190,4,123
1706870,4,123
344340,4,123
1424300,4,123
876180,4,123
844380,4,123
960730,4,123
1131920,4,123
269110,4,123
1056490,4,123
2567520,4,123
1885690,4,123
287310,4,123
281450,4,123
2591070,4,123
1142500,4,123
1776490,4,123
1273480,4,123
2712540,4,123
2612660,4,123
905640,4,123
734080,4,123
2078910,4,123
2121190,4,123
2183650,4,123
973170,4,123
450020,4,123
1107470,4,123
275350,4,123
2004290,4,123
3400650,4,123
2796180,4,123
299150,4,123
299110,4,123
1129540,4,123
378570,4,123
1451480,4,123
1430200,4,123
843720,4,123
2516820,4,123
3132850,4,123
3175860,4,123
3134280,4,123
342130,4,123
708710,4,123
1975120,4,123
1899350,4,123
307150,4,123
568500,4,123
1021860,4,123
2622470,4,123
2357500,4,123
2184620,4,123
2175130,4,123
1380260,4,123
970570,4,123
2470300,4,123
426920,4,123
409000,4,123
3363030,5,66
1753490,5,66
488440,5,66
2996090,5,66
1469160,5,66
290470,5,66
2932040,5,66
2676770,5,66
3389240,5,66
2009390,5,66
2445330,5,66
1048830,5,66
497860,5,66
2208530,5,66
3243790,5,66
390100,5,66
1457430,5,66
1379130,5,66
3214430,5,66
1154120,5,66
2430450,5,66
3157850,5,66
2947940,5,66
283060,5,66
2447580,5,66
2182790,5,66
951480,5,66
1826980,5,66
3336960,5,66
1133730,5,66
2292370,5,66
1689070,5,66
2554670,5,66
620620,5,66
2293900,5,66
261430,5,66
231060,5,66
3386890,5,66
1175210,5,66
2321290,5,66
838330,5,66
658480,5,66
2126010,5,66
2229260,5,66
1945760,5,66
1943610,5,66
1230980,5,66
721030,5,66
542590,5,66
2781320,5,66
289780,5,66
411020,5,66
451130,5,66
384030,5,66
2082540,5,66
2841010,5,66
493370,5,66
747970,5,66
2996570,5,66
3126180,5,66
890400,5,66
3019990,5,66
3402270,5,66
1130700,5,66
2857560,5,66
1618310,5,66
1040430,6,47
3153960,6,47
2899640,6,47
3306780,6,47
1844240,6,47
1450150,6,47
767420,6,47
680310,6,47
3222850,6,47
2190200,6,47
2953560,6,47
3301340,6,47
1409160,6,47
389570,6,47
1690690,6,47
843660,6,47
3019780,6,47
1572380,6,47
2158860,6,47
742170,6,47
3058030,6,47
2408310,6,47
1717170,6,47
2814340,6,47
1497570,6,47
788470,6,47
821670,6,47
2905970,6,47
2921870,6,47
3064270,6,47
3351670,6,47
3110130,6,47
2516920,6,47
821610,6,47
3071740,6,47
1367490,6,47
2774240,6,47
2340400,6,47
3147710,6,47
801120,6,47
3471280,6,47
3030580,6,47
3121490,6,47
1049880,6,47
1473250,6,47
778700,6,47
2516940,6,47
2575900,7,138
315320,7,138
1967450,7,138
1004240,7,138
1572270,7,138
1517340,7,138
323420,7,138
393220,7,138
1200730,7,138
1182470,7,138
2693730,7,138
3270680,7,138
687900,7,138
2839600,7,138
581200,7,138
779060,7,138
1721870,7,138
508680,7,138
2717010,7,138
714130,7,138
2368080,7,138
1691280,7,138
1453140,7,138
1903560,7,138
1108620,7,138
328760,7,138
1956510,7,138
3698690,7,138
663110,7,138
2547120,7,138
1418430,7,138
1649630,7,138
2331130,7,138
619490,7,138
1484800,7,138
602590,7,138
1618290,7,138
834380,7,138
878750,7,138
3048280,7,138
863940,7,138
422500,7,138
388620,7,138
486480,7,138
235660,7,138
327900,7,138
1662690,7,138
773810,7,138
385030,7,138
1487270,7,138
978970,7,138
2532340,7,138
1022480,7,138
514460,7,138
1341160,7,138
273840,7,138
925600,7,138
1791700,7,138
907290,7,138
622010,7,138
982220,7,138
1623930,7,138
542270,7,138
517160,7,138
2696520,7,138
2965660,7,138
365080,7,138
846800,7,138
439250,7,138
238260,7,138
506830,7,138
2595880,7,138
2645580,7,138
1191120,7,138
359800,7,138
1315020,7,138
513560,7,138
2919660,7,138
420740,7,138
1146950,7,138
469920,7,138
784110,7,138
2224640,7,138
3141580,7,138
1663310,7,138
1683610,7,138
1148770,7,138
1223870,7,138
2185180,7,138
2345770,7,138
688630,7,138
1841100,7,138
437530,7,138
2195140,7,138
2676840,7,138
624690,7,138
1100410,7,138
853890,7,138
2889980,7,138
431290,7,138
493770,7,138
602920,7,138
2265230,7,138
362400,7,138
1943710,7,138
1494920,7,138
524120,7,138
826600,7,138
929490,7,138
1937840,7,138
2591760,7,138
462620,7,138
2562400,7,138
3107350,7,138
3392510,7,138
2726870,7,138
1121530,7,138
2072840,7,138
431710,7,138
2671970,7,138
376240,7,138
1836030,7,138
1549750,7,138
486380,7,138
3303150,7,138
477730,7,138
301460,7,138
2351420,7,138
2314160,7,138
966590,7,138
535660,7,138
1540570,7,138
1312950,7,138
362520,7,138
591790,7,138
3188550,7,138
2014180,7,138
1100030,7,138
1588940,8,129
58550,8,129
1306570,8,129
1946970,8,129
735290,8,129
3161620,8,129
2056220,8,129
1275670,8,129
674010,8,129
1669170,8,129
498580,8,129
3074440,8,129
1927740,8,129
457380,8,129
252470,8,129
471550,8,129
790060,8,129
3027290,8,129
1777430,8,129
2616420,8,129
225320,8,129
1955340,8,129
224980,8,129
604830,8,129
2415960,8,129
1028840,8,129
1249880,8,129
538410,8,129
1424870,8,129
1919040,8,129
224960,8,129
1783280,8,129
116100,8,129
2506580,8,129
1160870,8,129
2530490,8,129
2688680,8,129
15710,8,129
1678150,8,129
743550,8,129
1681160,8,129
944630,8,129
2654680,8,129
2392400,8,129
3444480,8,129
752800,8,129
602160,8,129
15700,8,129
1606280,8,129
1756330,8,129
1484720,8,129
2898270,8,129
2936220,8,129
3079970,8,129
2116850,8,129
225300,8,129
467820,8,129
1086030,8,129
1081260,8,129
557760,8,129
2113770,8,129
2178990,8,129
1209140,8,129
2749000,8,129
2083210,8,129
1345740,8,129
987400,8,129
107200,8,129
2897240,8,129
3473030,8,129
3618770,8,129
851980,8,129
390490,8,129
733020,8,129
3025940,8,129
1337010,8,129
979620,8,129
15750,8,129
2764750,8,129
726110,8,129
914170,8,129
500710,8,129
806860,8,129
2467810,8,129
998850,8,129
1757680,8,129
1477170,8,129
502740,8,129
726870,8,129
3029150,8,129
200650,8,129
1129220,8,129
342550,8,129
1932260,8,129
1518820,8,129
542480,8,129
396610,8,129
107210,8,129
1724140,8,129
454900,8,129
615400,8,129
574190,8,129
486360,8,129
2111870,8,129
764030,8,129
788190,8,129
326950,8,129
3351080,8,129
2575060,8,129
1937570,8,129
684650,8,129
1851390,8,129
1258710,8,129
944220,8,129
546440,8,129
674310,8,129
3111080,8,129
2752530,8,129
712770,8,129
1202900,8,129
2340500,8,129
848470,8,129
15740,8,129
887170,8,129
742250,8,129
397390,8,129
3074170,8,129
1931940,8,129
1002430,8,129
412880,9,69
3442040,9,69
3360010,9,69
3119520,9,69
1461200,9,69
1546870,9,69
928390,9,69
535910,9,69
553340,9,69
1729410,9,69
1907720,9,69
394720,9,69
871920,9,69
302380,9,69
620190,9,69
466210,9,69
1083300,9,69
259980,9,69
3536760,9,69
842640,9,69
773440,9,69
2969160,9,69
1984610,9,69
360720,9,69
2383860,9,69
847890,9,69
581130,9,69
1058430,9,69
771400,9,69
1056840,9,69
435790,9,69
1073390,9,69
2649080,9,69
1678180,9,69
919420,9,69
2014370,9,69
483850,9,69
3361470,9,69
345380,9,69
51010,9,69
2539350,9,69
791400,9,69
2119740,9,69
313340,9,69
1997180,9,69
2070880,9,69
550360,9,69
2088520,9,69
877590,9,69
1516490,9,69
550010,9,69
259940,9,69
970510,9,69
2227030,9,69
502550,9,69
463130,9,69
420440,9,69
439930,9,69
2199580,9,69
462480,9,69
2877720,9,69
3279910,9,69
1012110,9,69
1365760,9,69
355400,9,69
577490,9,69
596530,9,69
2848110,9,69
347940,9,69
2582660,10,82
2997980,10,82
1078350,10,82
959890,10,82
737050,10,82
1198850,10,82
3028150,10,82
1395850,10,82
959880,10,82
1975340,10,82
2300920,10,82
1687530,10,82
904360,10,82
2817620,10,82
1933650,10,82
1135830,10,82
1399690,10,82
1981500,10,82
1770210,10,82
1441840,10,82
1012030,10,82
2583430,10,82
1933660,10,82
2991400,10,82
1551530,10,82
1162130,10,82
339200,10,82
1272840,10,82
2299900,10,82
279440,10,82
251730,10,82
1015720,10,82
2864830,10,82
1015730,10,82
1287130,10,82
2659960,10,82
1414000,10,82
2398590,10,82
2429890,10,82
368760,10,82
1071490,10,82
2287970,10,82
1419750,10,82
2307300,10,82
733790,10,82
1405470,10,82
1342040,10,82
2891040,10,82
2166140,10,82
864480,10,82
1990590,10,82
2123140,10,82
1543430,10,82
407330,10,82
1312960,10,82
1731200,10,82
1600370,10,82
2914480,10,82
887530,10,82
1328890,10,82
2630020,10,82
1042600,10,82
1551670,10,82
1342090,10,82
2804550,10,82
3270020,10,82
3261920,10,82
2551290,10,82
2753270,10,82
1551560,10,82
1537910,10,82
1013870,10,82
1270210,10,82
1770390,10,82
791330,10,82
2765490,10,82
2420620,10,82
2350310,10,82
1570980,10,82
2529520,10,82
1967820,10,82
1278390,10,82
302570,11,45
433830,11,45
1445440,11,45
1766930,11,45
406110,11,45
2106560,11,45
2776020,11,45
501950,11,45
2465830,11,45
1162700,11,45
2766860,11,45
3015510,11,45
460580,11,45
1601740,11,45
1156060,11,45
2233790,11,45
1443430,11,45
840800,11,45
1548680,11,45
2757720,11,45
1307370,11,45
2838100,11,45
2779630,11,45
3462260,11,45
1557480,11,45
841350,11,45
702050,11,45
2824310,11,45
1117990,11,45
3233950,11,45
1139160,11,45
234650,11,45
2128940,11,45
619540,11,45
929200,11,45
931040,11,45
1377450,11,45
340050,11,45
2085150,11,45
2862520,11,45
2274480,11,45
907090,11,45
2006990,11,45
473470,11,45
2714970,11,45
631660,12,174
672770,12,174
1975570,12,174
2248180,12,174
2222720,12,174
405710,12,174
468100,12,174
1200860,12,174
845250,12,174
1026110,12,174
883070,12,174
573260,12,174
2522520,12,174
1972710,12,174
1745310,12,174
2672430,12,174
1965390,12,174
2868430,12,174
1136160,12,174
1953540,12,174
336060,12,174
2102670,12,174
3005640,12,174
1222300,12,174
2789460,12,174
2059310,12,174
24420,12,174
2460070,12,174
1012970,12,174
965590,12,174
1193090,12,174
418070,12,174
361320,12,174
854540,12,174
690060,12,174
3500070,12,174
454200,12,174
239840,12,174
3173130,12,174
352610,12,174
863560,12,174
2143540,12,174
1064140,12,174
1319850,12,174
1722840,12,174
2236300,12,174
1569520,12,174
769590,12,174
798560,12,174
2333390,12,174
3061500,12,174
864450,12,174
2458490,12,174
2160360,12,174
716340,12,174
873970,12,174
3476660,12,174
905490,12,174
959510,12,174
949050,12,174
446770,12,174
311440,12,174
1147330,12,174
1607310,12,174
2176570,12,174
32770,12,174
1302930,12,174
555150,12,174
1722860,12,174
3418780,12,174
3207930,12,174
496630,12,174
1261040,12,174
568030,12,174
2438970,12,174
595690,12,174
469730,12,174
230070,12,174
1682630,12,174
2529610,12,174
2874850,12,174
1848270,12,174
546980,12,174
3099690,12,174
2902370,12,174
2976870,12,174
1048740,12,174
837590,12,174
3599070,12,174
1422430,12,174
851110,12,174
1906830,12,174
1658310,12,174
1611580,12,174
2274980,12,174
3058140,12,174
2158270,12,174
1816010,12,174
663690,12,174
1076640,12,174
2989770,12,174
740780,12,174
331510,12,174
32630,12,174
2539910,12,174
1744570,12,174
3499520,12,174
1948100,12,174
2075050,12,174
496750,12,174
1027940,12,174
2660840,12,174
1259510,12,174
403560,12,174
1335230,12,174
1920780,12,174
1078510,12,174
1427210,12,174
1574700,12,174
2179510,12,174
369860,12,174
682000,12,174
1733060,12,174
668960,12,174
698320,12,174
2652500,12,174
1330560,12,174
520720,12,174
781610,12,174
2900670,12,174
2270600,12,174
280520,12,174
257030,12,174
3016840,12,174
316450,12,174
2329630,12,174
2386250,12,174
2443780,12,174
897030,12,174
454950,12,174
1032430,12,174
2053940,12,174
3256650,12,174
2417940,12,174
817720,12,174
809880,12,174
2666590,12,174
2358040,12,174
261820,12,174
2925410,12,174
1694260,12,174
1843730,12,174
762940,12,174
1118880,12,174
2827780,12,174
2854710,12,174
2802160,12,174
792860,12,174
1657880,12,174
1854250,12,174
1604060,12,174
930300,12,174
2678070,12,174
209850,12,174
2756380,12,174
2176560,12,174
587580,12,174
1787480,12,174
485330,12,174
2752720,12,174
1672880,12,174
686260,12,174
211260,12,174
732090,12,174
370230,13,1
2436480,14,119
793350,14,119
432310,14,119
2012540,14,119
461820,14,119
664780,14,119
266210,14,119
1103210,14,119
2287150,14,119
1028880,14,119
2719190,14,119
796580,14,119
938960,14,119
590670,14,119
760510,14,119
1715590,14,119
1238680,14,119
2935040,14,119
1851330,14,119
1724860,14,119
1281200,14,119
384890,14,119
1087270,14,119
814930,14,119
2220870,14,119
452180,14,119
1105300,14,119
823610,14,119
457550,14,119
1340560,14,119
3230020,14,119
389140,14,119
3509620,14,119
499620,14,119
891900,14,119
970710,14,119
1727040,14,119
518610,14,119
922400,14,119
758500,14,119
1647160,14,119
336150,14,119
577120,14,119
503710,14,119
326590,14,119
2384610,14,119
2976910,14,119
1571990,14,119
1301060,14,119
576030,14,119
951830,14,119
868660,14,119
1812060,14,119
1417340,14,119
2678340,14,119
820040,14,119
1937470,14,119
1107300,14,119
939770,14,119
441380,14,119
265990,14,119
2075960,14,119
833090,14,119
1590230,14,119
300220,14,119
448270,14,119
1779200,14,119
423810,14,119
2022290,14,119
2537300,14,119
746580,14,119
443460,14,119
3179270,14,119
1126960,14,119
2620220,14,119
853240,14,119
1326270,14,119
202690,14,119
1579880,14,119
2379900,14,119
2943150,14,119
346820,14,119
301920,14,119
804350,14,119
752180,14,119
1470310,14,119
2089350,14,119
1211600,14,119
921610,14,119
761010,14,119
879610,14,119
449540,14,119
889260,14,119
1058770,14,119
2013360,14,119
321880,14,119
1345870,14,119
599460,14,119
378110,14,119
664800,14,119
3639370,14,119
1569700,14,119
2293850,14,119
975270,14,119
528020,14,119
1097870,14,119
406150,14,119
614970,14,119
1664220,14,119
1584330,14,119
2082410,14,119
1395230,14,119
1158280,14,119
1873540,14,119
378070,14,119
3526830,14,119
2081460,14,119
449140,14,119
1534340,14,119
2022850,15,30
839630,15,30
401490,15,30
333340,15,30
1423370,15,30
747200,15,30
367280,15,30
622940,15,30
2562380,15,30
3195680,15,30
1168430,15,30
3243760,15,30
525140,15,30
2198830,15,30
1702120,15,30
400400,15,30
1136370,15,30
2315010,15,30
3486560,15,30
1416240,15,30
2430700,15,30
943260,15,30
699970,15,30
363510,15,30
2461050,15,30
2416650,15,30
364410,15,30
1368250,15,30
544330,15,30
894940,15,30
3419160,16,116
1706850,16,116
1627680,16,116
3145080,16,116
2263470,16,116
1654810,16,116
859740,16,116
1202150,16,116
2102520,16,116
690630,16,116
3443770,16,116
1686870,16,116
1190160,16,116
2796340,16,116
3529740,16,116
2404000,16,116
490860,16,116
867480,16,116
1201280,16,116
2390230,16,116
389170,16,116
746890,16,116
367800,16,116
1332450,16,116
3551120,16,116
881060,16,116
2106610,16,116
758930,16,116
611720,16,116
216260,16,116
1048090,16,116
3194070,16,116
530360,16,116
1629710,16,116
1386870,16,116
1246940,16,116
1952870,16,116
2793380,16,116
673260,16,116
1129660,16,116
3497720,16,116
796940,16,116
3306200,16,116
1028850,16,116
337700,16,116
813650,16,116
711190,16,116
782610,16,116
2181720,16,116
2799350,16,116
765410,16,116
724130,16,116
1737340,16,116
3436440,16,116
3468640,16,116
2836860,16,116
748540,16,116
843630,16,116
3205080,16,116
668210,16,116
1246930,16,116
1908720,16,116
3134780,16,116
317410,16,116
2218400,16,116
2846060,16,116
2249690,16,116
1715730,16,116
3450230,16,116
1711610,16,116
3019400,16,116
2276420,16,116
1596310,16,116
276240,16,116
512680,16,116
3343770,16,116
3030360,16,116
1146230,16,116
1079510,16,116
809770,16,116
748830,16,116
1291240,16,116
1155880,16,116
2384920,16,116
1385780,16,116
649640,16,116
2890250,16,116
1950440,16,116
397810,16,116
353890,16,116
297470,16,116
432580,16,116
3025290,16,116
682970,16,116
1220160,16,116
788210,16,116
2262930,16,116
1701370,16,116
1027140,16,116
1433420,16,116
1933640,16,116
1138060,16,116
696110,16,116
3243190,16,116
2919650,16,116
3116620,16,116
299360,16,116
1070190,16,116
2494780,16,116
983640,16,116
1048350,16,116
976700,16,116
1693250,16,116
2168450,16,116
1322630,16,116
483980,16,116
1093910,17,28
335420,17,28
366730,17,28
2396740,17,28
1902710,17,28
638650,17,28
1599470,17,28
7210,17,28
372360,17,28
380120,17,28
1532510,17,28
1867510,17,28
328230,17,28
346950,17,28
382460,17,28
1992770,17,28
869840,17,28
840720,17,28
354770,17,28
1307560,17,28
1939560,17,28
58560,17,28
399790,17,28
301710,17,28
385070,17,28
832440,17,28
341310,17,28
1724840,17,28
1170080,18,120
292600,18,120
620570,18,120
107300,18,120
795990,18,120
1020730,18,120
1359630,18,120
3090870,18,120
896040,18,120
1286710,18,120
1071680,18,120
926390,18,120
828890,18,120
2923560,18,120
886590,18,120
2312480,18,120
1292520,18,120
2726450,18,120
2859800,18,120
969170,18,120
863900,18,120
1477570,18,120
812560,18,120
974870,18,120
2005160,18,120
1717570,18,120
337820,18,120
1951230,18,120
395970,18,120
379210,18,120
2878000,18,120
903910,18,120
2687990,18,120
2563550,18,120
354200,18,120
1250960,18,120
1031920,18,120
938270,18,120
578840,18,120
326480,18,120
3265280,18,120
2708280,18,120
397740,18,120
1011130,18,120
2128140,18,120
1074030,18,120
501840,18,120
345090,18,120
798480,18,120
324610,18,120
2414630,18,120
1680550,18,120
944910,18,120
2121150,18,120
296770,18,120
780710,18,120
1318560,18,120
676510,18,120
2288210,18,120
1764700,18,120
874400,18,120
2377910,18,120
369030,18,120
3184480,18,120
525680,18,120
406730,18,120
1054560,18,120
2135030,18,120
3422550,18,120
649990,18,120
600290,18,120
943700,18,120
1425760,18,120
1866710,18,120
1315680,18,120
2186000,18,120
652700,18,120
370590,18,120
1524530,18,120
1765780,18,120
2180700,18,120
3440610,18,120
800700,18,120
2456300,18,120
825730,18,120
304690,18,120
592300,18,120
1352850,18,120
921700,18,120
700940,18,120
980950,18,120
2447060,18,120
745960,18,120
1637070,18,120
2417990,18,120
1018420,18,120
1857020,18,120
1999740,18,120
914750,18,120
673740,18,120
995310,18,120
37510,18,120
1170320,18,120
992050,18,120
2517200,18,120
2647060,18,120
334540,18,120
825450,18,120
2788310,18,120
789490,18,120
1863750,18,120
3643400,18,120
451930,18,120
624560,18,120
816650,18,120
1647440,18,120
815940,18,120
2121360,18,120
489580,18,120
1048270,18,120
80980,19,15
99300,19,15
448850,19,15
2055290,19,15
289690,19,15
1067720,19,15
1486440,19,15
707300,19,15
1485590,19,15
704910,19,15
98400,19,15
246580,19,15
1718160,19,15
318220,19,15
1307690,19,15
542820,20,98
392330,20,98
974600,20,98
2456940,20,98
3313700,20,98
2281860,20,98
1098250,20,98
286360,20,98
2021480,20,98
1510,20,98
439490,20,98
1331090,20,98
270170,20,98
2354000,20,98
689980,20,98
1527890,20,98
1281080,20,98
1371660,20,98
446240,20,98
1169490,20,98
2157340,20,98
1151130,20,98
252110,20,98
777760,20,98
353850,20,98
961640,20,98
820520,20,98
1256380,20,98
2308630,20,98
918430,20,98
248970,20,98
286240,20,98
940850,20,98
1264880,20,98
1079970,20,98
3630390,20,98
1322540,20,98
878250,20,98
959030,20,98
1919460,20,98
2882400,20,98
1972050,20,98
714070,20,98
1729140,20,98
1127690,20,98
2386580,20,98
1807330,20,98
556050,20,98
491700,20,98
634700,20,98
433910,20,98
1044640,20,98
2661160,20,98
1051690,20,98
792650,20,98
2258510,20,98
1979410,20,98
2622440,20,98
862110,20,98
893870,20,98
387970,20,98
1660370,20,98
2628570,20,98
1569090,20,98
2994990,20,98
550340,20,98
1333900,20,98
1889740,20,98
485230,20,98
416870,20,98
3026410,20,98
1108190,20,98
1045580,20,98
1370410,20,98
1071350,20,98
1431230,20,98
495890,20,98
1291790,20,98
2827610,20,98
3399400,20,98
1725860,20,98
387130,20,98
1362560,20,98
1022840,20,98
972430,20,98
3142400,20,98
1985960,20,98
914950,20,98
2205330,20,98
2572300,20,98
821570,20,98
241700,20,98
1540,20,98
2529250,20,98
3160290,20,98
3409750,20,98
424200,20,98
2521630,20,98
936780,21,119
2078040,21,119
1691320,21,119
790300,21,119
214790,21,119
726710,21,119
623550,21,119
2294130,21,119
1655460,21,119
985870,21,119
1148650,21,119
723790,21,119
506480,21,119
1379670,21,119
740080,21,119
860860,21,119
734980,21,119
1018020,21,119
1302110,21,119
1219590,21,119
2964010,21,119
275670,21,119
2658820,21,119
355800,21,119
206500,21,119
45200,21,119
650510,21,119
1119580,21,119
342610,21,119
1072310,21,119
2564320,21,119
1972820,21,119
1900340,21,119
2954780,21,119
1839930,21,119
231140,21,119
1733250,21,119
866440,21,119
499610,21,119
306410,21,119
2006090,21,119
1010750,21,119
360380,21,119
2478730,21,119
1552550,21,119
2441270,21,119
247430,21,119
1449750,21,119
1093370,21,119
1525890,21,119
893390,21,119
2131680,21,119
1630960,21,119
313140,21,119
2321210,21,119
2942150,21,119
2169220,21,119
1092040,21,119
705100,21,119
2354570,21,119
222500,21,119
1684010,21,119
3008050,21,119
512470,21,119
741590,21,119
346330,21,119
1044770,21,119
942200,21,119
1780270,21,119
2495750,21,119
1913740,21,119
1147940,21,119
2088250,21,119
322290,21,119
3298460,21,119
791960,21,119
2558580,21,119
2808570,21,119
797410,21,119
503390,21,119
3274030,21,119
1981250,21,119
308460,21,119
604940,21,119
429040,21,119
426630,21,119
533780,21,119
881930,21,119
1018010,21,119
473140,21,119
706990,21,119
1383630,21,119
1978330,21,119
1641240,21,119
235800,21,119
1716940,21,119
2195840,21,119
1140070,21,119
1804170,21,119
282530,21,119
1844720,21,119
2669380,21,119
2146450,21,119
1310350,21,119
839820,21,119
1112690,21,119
2223700,21,119
497880,21,119
595640,21,119
3512680,21,119
3464570,21,119
2099220,21,119
1569820,21,119
1512830,21,119
3077790,21,119
1323470,21,119
976720,21,119
570840,21,119
1155590,21,119
395250,22,163
1882820,22,163
1292910,22,163
606950,22,163
1035660,22,163
1909770,22,163
2430380,22,163
738350,22,163
421710,22,163
863810,22,163
534350,22,163
1823380,22,163
1034260,22,163
1918970,22,163
378370,22,163
381170,22,163
2099680,22,163
692590,22,163
348860,22,163
2162680,22,163
3587580,22,163
3559900,22,163
2430360,22,163
920200,22,163
1034240,22,163
3262320,22,163
2615130,22,163
2353730,22,163
768590,22,163
2090370,22,163
985680,22,163
267900,22,163
812410,22,163
70300,22,163
689910,22,163
2523310,22,163
1283930,22,163
298240,22,163
2621890,22,163
1039830,22,163
751430,22,163
1299370,22,163
2000800,22,163
1002930,22,163
2178010,22,163
523720,22,163
2342030,22,163
2094070,22,163
1743260,22,163
380020,22,163
263300,22,163
2810780,22,163
2678160,22,163
314030,22,163
1814170,22,163
358360,22,163
922500,22,163
705250,22,163
1014040,22,163
2670770,22,163
1390880,22,163
3383700,22,163
1991860,22,163
867980,22,163
1075200,22,163
3177970,22,163
894060,22,163
523210,22,163
1878910,22,163
485980,22,163
1087720,22,163
805930,22,163
547930,22,163
2206560,22,163
991170,22,163
1233170,22,163
102850,22,163
2957110,22,163
2898250,22,163
508200,22,163
1332760,22,163
3067770,22,163
1531610,22,163
1801490,22,163
2138570,22,163
1165380,22,163
664440,22,163
1418200,22,163
3653260,22,163
1987480,22,163
508900,22,163
850980,22,163
427980,22,163
411370,22,163
1622770,22,163
3290350,22,163
551540,22,163
2391400,22,163
916380,22,163
785780,22,163
3468160,22,163
238050,22,163
3237950,22,163
1818010,22,163
2430370,22,163
1880710,22,163
2564660,22,163
1154360,22,163
2785570,22,163
852220,22,163
617670,22,163
2880730,22,163
920450,22,163
2083800,22,163
754840,22,163
687470,22,163
2829820,22,163
1929870,22,163
566160,22,163
1218900,22,163
1358810,22,163
782660,22,163
1200,22,163
432870,22,163
1991850,22,163
686200,22,163
536560,22,163
3205070,22,163
944010,22,163
1563700,22,163
651340,22,163
890070,22,163
601220,22,163
1210110,22,163
3107800,22,163
320440,22,163
823800,22,163
757330,22,163
2733530,22,163
678520,22,163
3308550,22,163
2591010,22,163
288370,22,163
546230,22,163
2889770,22,163
618620,22,163
3550820,22,163
1383020,22,163
2532550,22,163
610360,22,163
645090,22,163
2515240,22,163
380580,22,163
497090,22,163
3394080,22,163
1837220,22,163
1034250,22,163
799070,22,163
1765540,22,163
296280,22,163
1043380,22,163
2237980,22,163
688740,22,163
320690,23,160
1017560,23,160
352130,23,160
939410,23,160
530890,23,160
1325890,23,160
2657900,23,160
2585800,23,160
3296430,23,160
1700140,23,160
461710,23,160
210550,23,160
949730,23,160
2518630,23,160
1795110,23,160
2475980,23,160
846030,23,160
71000,23,160
2413620,23,160
289600,23,160
1818280,23,160
25510,23,160
448400,23,160
2055810,23,160
390940,23,160
718030,23,160
3019370,23,160
789960,23,160
2316660,23,160
1215870,23,160
1598600,23,160
1574900,23,160
1030960,23,160
504980,23,160
3215870,23,160
1158260,23,160
930620,23,160
348320,23,160
1831320,23,160
365260,23,160
460850,23,160
738450,23,160
1175170,23,160
1155340,23,160
2310160,23,160
1178290,23,160
435040,23,160
1063350,23,160
1567200,23,160
2071500,23,160
519030,23,160
1333190,23,160
1564670,23,160
836550,23,160
301150,23,160
425670,23,160
3508770,23,160
1032090,23,160
588950,23,160
611120,23,160
307110,23,160
3079150,23,160
1511650,23,160
676090,23,160
2561180,23,160
1901560,23,160
1023370,23,160
238530,23,160
1450050,23,160
2246330,23,160
787040,23,160
976920,23,160
715310,23,160
449050,23,160
2849630,23,160
2250090,23,160
1055610,23,160
1803390,23,160
437860,23,160
1849890,23,160
1017940,23,160
1544140,23,160
1779030,23,160
347590,23,160
615970,23,160
1078750,23,160
3434260,23,160
1689910,23,160
1909240,23,160
2674190,23,160
2072010,23,160
1071890,23,160
982400,23,160
2671440,23,160
486810,23,160
719750,23,160
3445480,23,160
1194810,23,160
2825300,23,160
925520,23,160
457350,23,160
1733500,23,160
908710,23,160
1886400,23,160
657240,23,160
2690700,23,160
1227780,23,160
1435780,23,160
2620750,23,160
394680,23,160
3176410,23,160
1497820,23,160
1830910,23,160
1178160,23,160
1175160,23,160
2086820,23,160
707400,23,160
2153330,23,160
1910580,23,160
2878140,23,160
2139020,23,160
2878710,23,160
2075070,23,160
407530,23,160
208600,23,160
2277310,23,160
758220,23,160
1197710,23,160
1066700,23,160
1449630,23,160
3076120,23,160
1484730,23,160
3224750,23,160
1563770,23,160
347610,23,160
679430,23,160
1819160,23,160
1038620,23,160
893450,23,160
665330,23,160
3239270,23,160
5330,23,160
288330,23,160
1306750,23,160
1120800,23,160
346140,23,160
2134640,23,160
416320,23,160
910660,23,160
3708980,23,160
1283130,23,160
1247720,23,160
1236460,23,160
3201910,23,160
274500,23,160
385590,23,160
3009850,23,160
1151630,23,160
800720,23,160
366680,23,160
2281410,24,94
504850,24,94
2460920,24,94
911550,24,94
1033810,24,94
1031660,24,94
566690,24,94
2123030,24,94
1408060,24,94
681590,24,94
2258890,24,94
2098790,24,94
677910,24,94
1303670,24,94
3430470,24,94
1318040,24,94
2534120,24,94
2880010,24,94
352210,24,94
305510,24,94
1719390,24,94
2834110,24,94
251670,24,94
552000,24,94
880620,24,94
2723520,24,94
2741110,24,94
2850000,24,94
1982040,24,94
933970,24,94
1581700,24,94
958480,24,94
801600,24,94
903730,24,94
1557420,24,94
1733640,24,94
375750,24,94
1282690,24,94
1806120,24,94
2628100,24,94
374180,24,94
579820,24,94
2465840,24,94
417080,24,94
795100,24,94
1593790,24,94
331260,24,94
3339830,24,94
2351730,24,94
910450,24,94
3205000,24,94
1160360,24,94
2401730,24,94
3675060,24,94
2860990,24,94
2637990,24,94
701930,24,94
1714320,24,94
2368300,24,94
1967470,24,94
1949220,24,94
1285670,24,94
2218930,24,94
443260,24,94
3206520,24,94
262000,24,94
228960,24,94
2194410,24,94
3077030,24,94
1584980,24,94
3070520,24,94
1198260,24,94
2448930,24,94
2802290,24,94
510500,24,94
1582890,24,94
1305310,24,94
791950,24,94
859170,24,94
703700,24,94
2251120,24,94
373880,24,94
836420,24,94
541930,24,94
646280,24,94
2631130,24,94
670260,24,94
752640,24,94
1082060,24,94
1968610,24,94
2857880,24,94
1781260,24,94
654770,24,94
2602030,24,94
1058700,25,121
64000,25,121
2001540,25,121
1093800,25,121
253530,25,121
1383960,25,121
1724770,25,121
330450,25,121
543160,25,121
742010,25,121
2467790,25,121
1412190,25,121
616650,25,121
1534200,25,121
953880,25,121
3100110,25,121
3191720,25,121
344500,25,121
357440,25,121
1931020,25,121
2536490,25,121
1432320,25,121
1058650,25,121
1357870,25,121
2088670,25,121
2631210,25,121
27930,25,121
403120,25,121
2523120,25,121
338130,25,121
1307970,25,121
3106290,25,121
1477130,25,121
2123640,25,121
2378910,25,121
554700,25,121
488160,25,121
1545990,25,121
3388920,25,121
1541020,25,121
914690,25,121
939600,25,121
2506480,25,121
266510,25,121
348160,25,121
2108290,25,121
366290,25,121
2161620,25,121
296050,25,121
3572580,25,121
2400960,25,121
2470980,25,121
235540,25,121
578850,25,121
893690,25,121
1098100,25,121
27940,25,121
434210,25,121
703880,25,121
2489560,25,121
2318310,25,121
2838510,25,121
743130,25,121
1810960,25,121
487380,25,121
546240,25,121
2999030,25,121
459830,25,121
2332260,25,121
813290,25,121
1519490,25,121
413350,25,121
3703180,25,121
1457080,25,121
893050,25,121
94200,25,121
2777270,25,121
1618380,25,121
514830,25,121
866400,25,121
913280,25,121
1618540,25,121
1877020,25,121
1592290,25,121
456670,25,121
2147950,25,121
2230170,25,121
838410,25,121
3537990,25,121
2109060,25,121
2779430,25,121
947600,25,121
350460,25,121
1130410,25,121
814740,25,121
1215320,25,121
2505020,25,121
2990510,25,121
2454420,25,121
2685620,25,121
524650,25,121
1122490,25,121
802040,25,121
3288270,25,121
1579100,25,121
410390,25,121
2106910,25,121
2593870,25,121
1666520,25,121
323580,25,121
1379630,25,121
693700,25,121
2227130,25,121
319280,25,121
328070,25,121
1532770,25,121
872750,25,121
1430970,25,121
314420,25,121
1750030,25,121
2265120,25,121
502600,26,1
838010,27,32
941570,27,32
778630,27,32
403540,27,32
273580,27,32
303870,27,32
874450,27,32
334880,27,32
1299290,27,32
1352930,27,32
354830,27,32
205730,27,32
374360,27,32
396690,27,32
2281940,27,32
681000,27,32
1244950,27,32
536640,27,32
1597580,27,32
1272580,27,32
877010,27,32
267490,27,32
500440,27,32
1306630,27,32
1766740,27,32
691260,27,32
595500,27,32
1297300,27,32
2482270,27,32
2316580,27,32
879420,27,32
1812560,27,32
105300,28,149
3487770,28,149
1988190,28,149
2487680,28,149
2230660,28,149
3037090,28,149
619700,28,149
2610080,28,149
348250,28,149
1389990,28,149
1700300,28,149
2897700,28,149
751630,28,149
919360,28,149
2537730,28,149
2124780,28,149
1889890,28,149
1064340,28,149
2719150,28,149
1718910,28,149
2880750,28,149
1647420,28,149
2990640,28,149
1354520,28,149
710640,28,149
205070,28,149
232790,28,149
1733830,28,149
497670,28,149
3258480,28,149
2946280,28,149
886360,28,149
971470,28,149
432980,28,149
432770,28,149
898340,28,149
2184150,28,149
1370140,28,149
3532220,28,149
2753100,28,149
3328900,28,149
2443370,28,149
2605600,28,149
788690,28,149
2772670,28,149
1960480,28,149
979480,28,149
988240,28,149
437080,28,149
321400,28,149
63700,28,149
280790,28,149
1490340,28,149
423230,28,149
883360,28,149
3492230,28,149
2158730,28,149
1931090,28,149
2872930,28,149
2064920,28,149
373610,28,149
1111370,28,149
1522870,28,149
497730,28,149
972280,28,149
332490,28,149
342980,28,149
373600,28,149
994220,28,149
1408720,28,149
973040,28,149
342190,28,149
359790,28,149
315460,28,149
737890,28,149
1345940,28,149
2772650,28,149
3376760,28,149
2113900,28,149
1124080,28,149
115100,28,149
2061250,28,149
594150,28,149
295790,28,149
853550,28,149
843870,28,149
1048540,28,149
340260,28,149
2939640,28,149
499930,28,149
1994230,28,149
3389760,28,149
572220,28,149
2138150,28,149
674190,28,149
1587070,28,149
3040560,28,149
1425980,28,149
1754960,28,149
1646790,28,149
983970,28,149
218060,28,149
2782610,28,149
46250,28,149
1381650,28,149
3091390,28,149
387890,28,149
3013060,28,149
603100,28,149
115120,28,149
275170,28,149
2075100,28,149
2076740,28,149
2262220,28,149
228360,28,149
1787150,28,149
985340,28,149
3084180,28,149
1742020,28,149
3362370,28,149
1051960,28,149
1807160,28,149
1158450,28,149
2953440,28,149
282590,28,149
1616520,28,149
617160,28,149
1731460,28,149
2018230,28,149
2390260,28,149
919260,28,149
1405500,28,149
302110,28,149
1059880,28,149
468070,28,149
597990,28,149
307880,28,149
497020,28,149
2883280,28,149
2515070,28,149
1427340,28,149
2684760,28,149
1208260,28,149
536410,28,149
3004490,28,149
3170150,28,149
913440,28,149
229290,28,149
2925510,28,149
3058790,29,151
2108600,29,151
2162780,29,151
2720,29,151
3210820,29,151
730840,29,151
1045520,29,151
3155430,29,151
768450,29,151
3543720,29,151
1005460,29,151
1221080,29,151
521560,29,151
1302000,29,151
2275560,29,151
2604480,29,151
1957990,29,151
2275020,29,151
38210,29,151
3343590,29,151
2286790,29,151
1390740,29,151
1322420,29,151
2373460,29,151
2936150,29,151
1818940,29,151
386480,29,151
3477660,29,151
996090,29,151
3134570,29,151
584640,29,151
1214410,29,151
2361390,29,151
1352540,29,151
1371090,29,151
1398070,29,151
2053580,29,151
1771180,29,151
1137460,29,151
1214520,29,151
664180,29,151
1697460,29,151
762180,29,151
2496920,29,151
2737300,29,151
2404900,29,151
1815430,29,151
2197890,29,151
1241520,29,151
1131080,29,151
1715460,29,151
1636550,29,151
1181830,29,151
2607060,29,151
1011760,29,151
393190,29,151
2696320,29,151
1078730,29,151
584890,29,151
2230280,29,151
1266690,29,151
317910,29,151
214170,29,151
1642220,29,151
958720,29,151
1961520,29,151
604470,29,151
1051850,29,151
489110,29,151
1257410,29,151
3401490,29,151
2201760,29,151
1871580,29,151
1304510,29,151
1205950,29,151
787790,29,151
2321860,29,151
2483850,29,151
2844700,29,151
3265880,29,151
248370,29,151
674520,29,151
3126470,29,151
1215280,29,151
1816570,29,151
989670,29,151
611300,29,151
1281510,29,151
1814630,29,151
1173590,29,151
219760,29,151
2654860,29,151
1904820,29,151
309940,29,151
1173010,29,151
2103940,29,151
258760,29,151
994930,29,151
760010,29,151
1763110,29,151
692790,29,151
1285560,29,151
3064950,29,151
351100,29,151
746850,29,151
2818480,29,151
2082080,29,151
433170,29,151
430170,29,151
1985690,29,151
554310,29,151
1403650,29,151
412230,29,151
1149940,29,151
604240,29,151
2004080,29,151
219780,29,151
618570,29,151
1119970,29,151
3172390,29,151
524200,29,151
1740930,29,151
921970,29,151
796860,29,151
3479710,29,151
1309200,29,151
2232600,29,151
875110,29,151
2300230,29,151
1148730,29,151
232010,29,151
578890,29,151
2597460,29,151
2180340,29,151
1068520,29,151
3010460,29,151
1400870,29,151
393270,29,151
696370,29,151
730870,29,151
304140,29,151
377290,29,151
1571440,29,151
1713190,29,151
302060,29,151
584940,29,151
292320,29,151
333390,29,151
969760,29,151
342510,29,151
1516750,29,151
2523390,30,93
324390,30,93
2610690,30,93
1137320,30,93
2719830,30,93
542750,30,93
723120,30,93
378490,30,93
3013700,30,93
585920,30,93
1427800,30,93
3012420,30,93
278100,30,93
1876970,30,93
3288620,30,93
1414880,30,93
1048690,30,93
704140,30,93
661030,30,93
1783780,30,93
2424740,30,93
710940,30,93
3221180,30,93
302830,30,93
682650,30,93
681990,30,93
2499470,30,93
542100,30,93
804610,30,93
892420,30,93
535460,30,93
2661450,30,93
991600,30,93
2082270,30,93
2638050,30,93
2880460,30,93
3022640,30,93
1775530,30,93
1163100,30,93
1446230,30,93
244770,30,93
892380,30,93
503630,30,93
464350,30,93
675910,30,93
2415470,30,93
1413020,30,93
1318740,30,93
765180,30,93
1660320,30,93
1647310,30,93
1173400,30,93
840710,30,93
3227230,30,93
1901620,30,93
1333360,30,93
676630,30,93
658430,30,93
1493760,30,93
428690,30,93
437690,30,93
931360,30,93
2010530,30,93
545750,30,93
862130,30,93
3366110,30,93
1506510,30,93
407800,30,93
2086140,30,93
851710,30,93
654070,30,93
706320,30,93
2676930,30,93
317710,30,93
1203930,30,93
454700,30,93
1049800,30,93
590840,30,93
696540,30,93
805360,30,93
1133500,30,93
461230,30,93
756380,30,93
797200,30,93
373750,30,93
1962930,30,93
792200,30,93
1112930,30,93
705370,30,93
212780,30,93
2587770,30,93
614530,30,93
299340,30,93
1382320,31,128
593530,31,128
633970,31,128
752900,31,128
569390,31,128
375820,31,128
826170,31,128
2480200,31,128
431120,31,128
439700,31,128
3288460,31,128
1635350,31,128
1232060,31,128
2657030,31,128
407880,31,128
1437890,31,128
1174460,31,128
1470020,31,128
1260810,31,128
273860,31,128
1582680,31,128
861550,31,128
1173240,31,128
3158260,31,128
201210,31,128
2609060,31,128
1034060,31,128
542260,31,128
372960,31,128
3676330,31,128
1330660,31,128
1988750,31,128
3465000,31,128
369370,31,128
638850,31,128
528190,31,128
270750,31,128
2910990,31,128
2027360,31,128
1213740,31,128
2477090,31,128
316670,31,128
1094250,31,128
1600530,31,128
273760,31,128
638800,31,128
1556870,31,128
519940,31,128
237550,31,128
3552210,31,128
248190,31,128
242780,31,128
723810,31,128
3422160,31,128
2016990,31,128
1277320,31,128
517970,31,128
838940,31,128
833850,31,128
522610,31,128
899630,31,128
759040,31,128
522240,31,128
598530,31,128
1169100,31,128
786490,31,128
531780,31,128
1644940,31,128
1706930,31,128
2141690,31,128
867920,31,128
1575680,31,128
249760,31,128
1906220,31,128
717790,31,128
503340,31,128
1169550,31,128
2414750,31,128
816760,31,128
304190,31,128
273850,31,128
2351080,31,128
2455920,31,128
2202010,31,128
433900,31,128
2625620,31,128
474030,31,128
3523390,31,128
1961970,31,128
2443020,31,128
3251130,31,128
3172280,31,128
2776290,31,128
1058690,31,128
987350,31,128
772660,31,128
2101540,31,128
2553920,31,128
3381200,31,128
792100,31,128
2240560,31,128
2178330,31,128
1629830,31,128
411030,31,128
576050,31,128
935560,31,128
3592280,31,128
622630,31,128
1995890,31,128
518060,31,128
300630,31,128
369530,31,128
1739070,31,128
1316680,31,128
315940,31,128
2512190,31,128
578440,31,128
1139280,31,128
2794290,31,128
259660,31,128
2756820,31,128
1461980,31,128
1067310,31,128
1869270,31,128
304500,31,128
1102710,31,128
2812820,31,128
1094130,31,128
442220,32,148
618630,32,148
2161020,32,148
1864580,32,148
850020,32,148
932850,32,148
1863290,32,148
1384770,32,148
424250,32,148
749700,32,148
353280,32,148
765640,32,148
2594290,32,148
921960,32,148
2370730,32,148
1946300,32,148
1422780,32,148
1253880,32,148
3489670,32,148
2599300,32,148
2507400,32,148
3278760,32,148
2571780,32,148
3633150,32,148
1459870,32,148
2622750,32,148
877850,32,148
335430,32,148
2618090,32,148
664820,32,148
768540,32,148
1510620,32,148
1212100,32,148
1437120,32,148
1218920,32,148
277680,32,148
549390,32,148
797560,32,148
1222210,32,148
509220,32,148
1005450,32,148
942050,32,148
1072480,32,148
1858400,32,148
673820,32,148
968320,32,148
488310,32,148
340360,32,148
1058980,32,148
1362430,32,148
2735620,32,148
831100,32,148
1279410,32,148
3156240,32,148
367580,32,148
445210,32,148
351090,32,148
3357250,32,148
1002600,32,148
3173050,32,148
434530,32,148
2479720,32,148
2337140,32,148
336730,32,148
705150,32,148
1949300,32,148
572760,32,148
738610,32,148
711600,32,148
1892910,32,148
2050680,32,148
709470,32,148
3137520,32,148
1529710,32,148
406350,32,148
2930120,32,148
476540,32,148
485380,32,148
3247500,32,148
1371750,32,148
2655580,32,148
3569920,32,148
3343330,32,148
2751050,32,148
719080,32,148
776320,32,148
867380,32,148
2095080,32,148
762190,32,148
396890,32,148
400630,32,148
2529170,32,148
2731230,32,148
634160,32,148
458230,32,148
1448780,32,148
589730,32,148
977230,32,148
569350,32,148
716350,32,148
2058200,32,148
1791120,32,148
1381440,32,148
1882500,32,148
1207310,32,148
3402140,32,148
1646120,32,148
2841640,32,148
2076220,32,148
441050,32,148
448560,32,148
954510,32,148
2941660,32,148
1889620,32,148
1197570,32,148
863730,32,148
923970,32,148
1176050,32,148
1044750,32,148
1186290,32,148
1161270,32,148
292720,32,148
389460,32,148
549780,32,148
1085150,32,148
3408110,32,148
1036660,32,148
1383720,32,148
409280,32,148
511390,32,148
1986010,32,148
699700,32,148
564480,32,148
1210010,32,148
388450,32,148
595280,32,148
839330,32,148
205910,32,148
2185880,32,148
3217090,32,148
2051420,32,148
849980,32,148
41300,32,148
2811100,32,148
2679860,32,148
1766720,32,148
2174600,32,148
368770,32,148
1065100,33,91
1158690,33,91
3099660,33,91
2221840,33,91
1515320,33,91
551620,33,91
1502040,33,91
2943280,33,91
1389250,33,91
1220170,33,91
2090810,33,91
2915660,33,91
1592110,33,91
1329880,33,91
916840,33,91
1266030,33,91
1183800,33,91
1342890,33,91
2240150,33,91
1158220,33,91
1486140,33,91
2289390,33,91
1022780,33,91
1125510,33,91
462990,33,91
1802390,33,91
2132560,33,91
1389550,33,91
1047010,33,91
1589120,33,91
1293180,33,91
572430,33,91
1053160,33,91
3173890,33,91
1337920,33,91
310060,33,91
727130,33,91
2903050,33,91
2206210,33,91
440950,33,91
381120,33,91
2527520,33,91
2476490,33,91
254200,33,91
1127840,33,91
1573630,33,91
3540830,33,91
3384440,33,91
898890,33,91
1329510,33,91
1674890,33,91
269310,33,91
812040,33,91
2963550,33,91
695920,33,91
1335240,33,91
3206870,33,91
1177420,33,91
962580,33,91
685340,33,91
1369740,33,91
2521600,33,91
1125480,33,91
2669860,33,91
1573280,33,91
603750,33,91
1097420,33,91
1445430,33,91
568570,33,91
764050,33,91
926140,33,91
467960,33,91
1167140,33,91
1931010,33,91
520600,33,91
474750,33,91
1789030,33,91
2830860,33,91
2573260,33,91
574080,33,91
264140,33,91
1292500,33,91
1882040,33,91
1681970,33,91
1307270,33,91
810040,33,91
921390,33,91
1109840,33,91
1311700,33,91
3218600,33,91
1074070,33,91
38180,34,43
1276540,34,43
691150,34,43
259320,34,43
540360,34,43
976390,34,43
399890,34,43
38130,34,43
1642260,34,43
941160,34,43
657040,34,43
37970,34,43
38150,34,43
699780,34,43
558340,34,43
1031320,34,43
310460,34,43
642000,34,43
434570,34,43
1142830,34,43
1044980,34,43
1055310,34,43
38010,34,43
504000,34,43
1424660,34,43
37980,34,43
417480,34,43
977510,34,43
1089660,34,43
38160,34,43
949800,34,43
2710970,34,43
2380360,34,43
1033420,34,43
1309860,34,43
858940,34,43
527420,34,43
527310,34,43
38020,34,43
302130,34,43
536780,34,43
38000,34,43
1247190,34,43
487000,35,120
986680,35,120
1101190,35,120
327870,35,120
1316230,35,120
1042780,35,120
345180,35,120
1708480,35,120
1924780,35,120
1173200,35,120
323220,35,120
1656930,35,120
2153750,35,120
2321350,35,120
465200,35,120
1615930,35,120
1263070,35,120
799640,35,120
1209410,35,120
1734320,35,120
1736550,35,120
516430,35,120
953870,35,120
1496940,35,120
2951840,35,120
1097350,35,120
1296450,35,120
1446350,35,120
301280,35,120
1368030,35,120
371140,35,120
511630,35,120
1453790,35,120
3019470,35,120
606000,35,120
368620,35,120
2473480,35,120
3114330,35,120
1264670,35,120
269190,35,120
1924430,35,120
2735220,35,120
1948700,35,120
1238920,35,120
1590730,35,120
418120,35,120
1083880,35,120
600640,35,120
823950,35,120
986040,35,120
790360,35,120
447120,35,120
1072150,35,120
433920,35,120
846110,35,120
958320,35,120
1538970,35,120
1579660,35,120
1331210,35,120
2644360,35,120
1701770,35,120
208750,35,120
1195020,35,120
2908950,35,120
1911940,35,120
1240590,35,120
1371690,35,120
512000,35,120
704920,35,120
770120,35,120
1143810,35,120
662960,35,120
3123830,35,120
1376200,35,120
887450,35,120
410670,35,120
2332640,35,120
240970,35,120
1802880,35,120
913740,35,120
2598750,35,120
1329350,35,120
1113010,35,120
1471270,35,120
526160,35,120
2455060,35,120
662840,35,120
2542140,35,120
2613210,35,120
396640,35,120
215530,35,120
1621760,35,120
449960,35,120
1415220,35,120
1921480,35,120
231740,35,120
2214880,35,120
471010,35,120
619780,35,120
2262080,35,120
1132980,35,120
413710,35,120
1515900,35,120
633080,35,120
1387580,35,120
1432830,35,120
680360,35,120
385380,35,120
319250,35,120
1429500,35,120
1195420,35,120
272470,35,120
1231990,35,120
2237910,35,120
1102650,35,120
2517890,35,120
3054610,35,120
402880,35,120
1001220,35,120
1281160,35,120
529860,36,153
3314340,36,153
1424900,36,153
296470,36,153
317850,36,153
676770,36,153
1268080,36,153
2794770,36,153
416440,36,153
758250,36,153
1365010,36,153
1021770,36,153
417890,36,153
962090,36,153
465400,36,153
1536980,36,153
1364960,36,153
3219020,36,153
654470,36,153
598730,36,153
1851020,36,153
3338320,36,153
1612420,36,153
1514840,36,153
95310,36,153
223410,36,153
2827560,36,153
2530670,36,153
346120,36,153
1122750,36,153
1432100,36,153
1909020,36,153
345820,36,153
1652250,36,153
254060,36,153
1048880,36,153
1433340,36,153
1093540,36,153
1567440,36,153
104000,36,153
1437750,36,153
959050,36,153
1866930,36,153
2739630,36,153
1496640,36,153
2018840,36,153
1164050,36,153
2170050,36,153
334420,36,153
215930,36,153
438680,36,153
944330,36,153
1283340,36,153
433480,36,153
3066470,36,153
280160,36,153
2915950,36,153
1740350,36,153
895650,36,153
3076350,36,153
1339000,36,153
2920510,36,153
1920480,36,153
2268470,36,153
1414480,36,153
1578160,36,153
1599860,36,153
1117160,36,153
1095120,36,153
1195460,36,153
636740,36,153
1166990,36,153
897730,36,153
2800890,36,153
1504150,36,153
2348610,36,153
2834330,36,153
2124380,36,153
842150,36,153
537340,36,153
933930,36,153
287220,36,153
1476760,36,153
1139890,36,153
3034560,36,153
390930,36,153
391180,36,153
2655590,36,153
542790,36,153
274310,36,153
279800,36,153
608800,36,153
1663220,36,153
1740170,36,153
515470,36,153
1843880,36,153
1646850,36,153
732240,36,153
331570,36,153
3375100,36,153
1260960,36,153
1014970,36,153
677480,36,153
2508890,36,153
865750,36,153
2322180,36,153
3004470,36,153
1956960,36,153
873890,36,153
1201270,36,153
2934180,36,153
368730,36,153
2844770,36,153
2595010,36,153
289950,36,153
832320,36,153
552080,36,153
2147110,36,153
3051470,36,153
3117040,36,153
2357000,36,153
2693940,36,153
569720,36,153
805690,36,153
308000,36,153
4710,36,153
582960,36,153
252350,36,153
3539440,36,153
1670110,36,153
923260,36,153
1910860,36,153
1658620,36,153
1011970,36,153
1049320,36,153
1373880,36,153
1882420,36,153
1092160,36,153
3085950,36,153
2381740,36,153
1409710,36,153
284850,36,153
436800,36,153
1967510,36,153
935880,36,153
3099730,36,153
1040820,36,153
576940,36,153
3411050,36,153
1689720,36,153
709710,36,153
1551030,36,153
3530670,36,153
1222580,37,118
910540,37,118
383740,37,118
1407860,37,118
1379870,37,118
461620,37,118
666960,37,118
1782670,37,118
2559270,37,118
377260,37,118
2704140,37,118
1451570,37,118
440520,37,118
921740,37,118
435400,37,118
1442360,37,118
730430,37,118
336200,37,118
1252680,37,118
2012390,37,118
2211730,37,118
9760,37,118
2151580,37,118
1730910,37,118
1781160,37,118
1123300,37,118
1182370,37,118
3449840,37,118
810640,37,118
314970,37,118
327090,37,118
1570070,37,118
555450,37,118
1636310,37,118
595430,37,118
338820,37,118
287920,37,118
878380,37,118
3075690,37,118
297210,37,118
1802980,37,118
1671350,37,118
3062050,37,118
1590660,37,118
282400,37,118
261160,37,118
324680,37,118
279110,37,118
2339250,37,118
260730,37,118
2638100,37,118
353020,37,118
2608350,37,118
417380,37,118
2511770,37,118
2185030,37,118
2590250,37,118
2054740,37,118
2246880,37,118
863470,37,118
924140,37,118
1007730,37,118
581980,37,118
301970,37,118
346810,37,118
949060,37,118
543430,37,118
2251070,37,118
2775910,37,118
704760,37,118
448830,37,118
275570,37,118
606680,37,118
531890,37,118
915460,37,118
1998660,37,118
1141290,37,118
65600,37,118
686900,37,118
390870,37,118
3504670,37,118
414760,37,118
1028590,37,118
2108180,37,118
109200,37,118
673600,37,118
2884070,37,118
798810,37,118
474050,37,118
501050,37,118
435440,37,118
449520,37,118
875670,37,118
1444520,37,118
846140,37,118
2633700,37,118
1568940,37,118
931650,37,118
950670,37,118
657200,37,118
1764390,37,118
912910,37,118
1349230,37,118
317600,37,118
3448280,37,118
2093910,37,118
2635410,37,118
1638340,37,118
2873760,37,118
982270,37,118
1383570,37,118
2058730,37,118
2084660,37,118
545040,37,118
1273520,37,118
980940,37,118
862570,37,118
673430,37,118
248470,38,165
1920770,38,165
1584040,38,165
1240480,38,165
853780,38,165
1789490,38,165
434430,38,165
440660,38,165
322110,38,165
1508660,38,165
441790,38,165
1500470,38,165
854030,38,165
3335120,38,165
2153610,38,165
8400,38,165
1106140,38,165
2321120,38,165
2274430,38,165
1465510,38,165
264690,38,165
377880,38,165
3131610,38,165
2104750,38,165
655730,38,165
1075550,38,165
1314820,38,165
2261050,38,165
708340,38,165
2373630,38,165
3508140,38,165
373360,38,165
985930,38,165
1903910,38,165
1875310,38,165
802200,38,165
2027920,38,165
1803550,38,165
3498390,38,165
2424440,38,165
1512720,38,165
3317770,38,165
1107230,38,165
2739980,38,165
324510,38,165
3391260,38,165
3371240,38,165
329830,38,165
2094530,38,165
1520500,38,165
1546570,38,165
789660,38,165
289180,38,165
1210380,38,165
793690,38,165
1147510,38,165
541160,38,165
611830,38,165
2512560,38,165
2753620,38,165
2176900,38,165
1114380,38,165
2441170,38,165
2558700,38,165
808420,38,165
220820,38,165
1836100,38,165
492870,38,165
380570,38,165
1190130,38,165
1846170,38,165
2459180,38,165
671900,38,165
500260,38,165
1473060,38,165
1964360,38,165
301420,38,165
2674810,38,165
470140,38,165
785480,38,165
391420,38,165
1836450,38,165
578470,38,165
663270,38,165
884180,38,165
1100990,38,165
3165140,38,165
359040,38,165
3350900,38,165
270790,38,165
2012840,38,165
1599880,38,165
1542280,38,165
325430,38,165
2285650,38,165
2393810,38,165
1235100,38,165
2638370,38,165
1642580,38,165
529240,38,165
3017650,38,165
3356720,38,165
1538460,38,165
568090,38,165
484930,38,165
863590,38,165
1508670,38,165
1510470,38,165
878620,38,165
2140570,38,165
1935660,38,165
1609870,38,165
2867460,38,165
3091340,38,165
1485140,38,165
2650590,38,165
3198680,38,165
313500,38,165
2878410,38,165
2354600,38,165
1307870,38,165
852440,38,165
476530,38,165
1610900,38,165
1765950,38,165
603360,38,165
567320,38,165
43100,38,165
1117090,38,165
408990,38,165
1939940,38,165
282620,38,165
3331320,38,165
3096270,38,165
1885110,38,165
655600,38,165
600120,38,165
1572920,38,165
2389670,38,165
968250,38,165
429540,38,165
293980,38,165
754310,38,165
392080,38,165
1393500,38,165
644540,38,165
3093590,38,165
656700,38,165
357890,38,165
961660,38,165
510420,38,165
1088960,38,165
12510,38,165
852970,38,165
1378290,38,165
827410,38,165
2860450,38,165
466840,38,165
1259560,38,165
2605780,38,165
2425150,38,165
1236770,38,165
1924140,38,165
468700,38,165
596380,38,165
1934080,39,123
512240,39,123
1100900,39,123
1288310,39,123
2430250,39,123
686680,39,123
1401170,39,123
1140130,39,123
585190,39,123
560970,39,123
2216660,39,123
1322290,39,123
850000,39,123
1861000,39,123
2161050,39,123
2182400,39,123
684940,39,123
1347780,39,123
2774550,39,123
2012190,39,123
614830,39,123
2343600,39,123
706370,39,123
2060160,39,123
508840,39,123
2758540,39,123
3421020,39,123
3391110,39,123
1140630,39,123
207530,39,123
2248120,39,123
729050,39,123
355410,39,123
2498480,39,123
3513550,39,123
1097530,39,123
693650,39,123
1823950,39,123
482390,39,123
1302860,39,123
537110,39,123
1269050,39,123
281920,39,123
2115760,39,123
1771730,39,123
220900,39,123
2526310,39,123
1355270,39,123
1240120,39,123
3059300,39,123
815000,39,123
319480,39,123
2492390,39,123
760490,39,123
227860,39,123
929320,39,123
1343920,39,123
907270,39,123
881730,39,123
1264970,39,123
390440,39,123
1241700,39,123
1637970,39,123
884530,39,123
2586640,39,123
1861610,39,123
2903660,39,123
271970,39,123
1682060,39,123
691730,39,123
880990,39,123
1958340,39,123
574420,39,123
1307570,39,123
954270,39,123
422810,39,123
1872860,39,123
1506820,39,123
1896390,39,123
381770,39,123
1218500,39,123
2149290,39,123
457730,39,123
733520,39,123
3270450,39,123
1813270,39,123
679990,39,123
1973790,39,123
273280,39,123
2106810,39,123
400360,39,123
869870,39,123
843190,39,123
407320,39,123
6900,39,123
756090,39,123
1194140,39,123
24240,39,123
978920,39,123
1923740,39,123
418040,39,123
1124090,39,123
513420,39,123
864510,39,123
695630,39,123
661130,39,123
3046430,39,123
1055540,39,123
1880330,39,123
539400,39,123
2570640,39,123
704030,39,123
1585220,39,123
2727650,39,123
677280,39,123
1650860,39,123
3224910,39,123
1595380,39,123
1358710,39,123
732690,39,123
3191050,39,123
733540,39,123
1802720,39,123
1132730,40,110
3527370,40,110
516670,40,110
341000,40,110
428180,40,110
356450,40,110
386960,40,110
602520,40,110
8790,40,110
2000660,40,110
426690,40,110
2061750,40,110
1222040,40,110
1304320,40,110
899970,40,110
373860,40,110
3478820,40,110
1097960,40,110
447960,40,110
2901310,40,110
1528810,40,110
463250,40,110
571180,40,110
3257490,40,110
910880,40,110
589060,40,110
1018130,40,110
391400,40,110
556660,40,110
8150,40,110
869690,40,110
1248820,40,110
676000,40,110
562050,40,110
1423780,40,110
2252680,40,110
3339940,40,110
872570,40,110
1815370,40,110
980480,40,110
1591290,40,110
1937620,40,110
2172260,40,110
1219580,40,110
3453220,40,110
2562460,40,110
3147190,40,110
1016970,40,110
824760,40,110
1385420,40,110
258200,40,110
960740,40,110
351320,40,110
2439230,40,110
1433010,40,110
264380,40,110
1115640,40,110
1786670,40,110
1014560,40,110
385510,40,110
1942120,40,110
518040,40,110
1407420,40,110
1150550,40,110
302790,40,110
557220,40,110
2184770,40,110
2348090,40,110
377900,40,110
385800,40,110
914260,40,110
398110,40,110
642090,40,110
2940220,40,110
2447520,40,110
446540,40,110
420110,40,110
8140,40,110
563340,40,110
2870110,40,110
3116640,40,110
2888470,40,110
297920,40,110
1890120,40,110
603420,40,110
908070,40,110
1354670,40,110
2672090,40,110
2454890,40,110
574780,40,110
2280390,40,110
303210,40,110
214970,40,110
2084110,40,110
1102980,40,110
488800,40,110
1947280,40,110
1593310,40,110
819630,40,110
800820,40,110
496340,40,110
2751610,40,110
819330,40,110
517300,40,110
1492230,40,110
726100,40,110
424780,40,110
364210,40,110
1889910,40,110
556090,40,110
844660,41,136
544600,41,136
758990,41,136
941800,41,136
2449160,41,136
356160,41,136
1180130,41,136
1964480,41,136
398670,41,136
81490,41,136
944250,41,136
494230,41,136
1256830,41,136
18460,41,136
928460,41,136
2492330,41,136
2272420,41,136
878520,41,136
2148830,41,136
1325050,41,136
3060900,41,136
285550,41,136
896160,41,136
1339260,41,136
323390,41,136
1635550,41,136
2598980,41,136
386750,41,136
1347490,41,136
849970,41,136
2989950,41,136
850040,41,136
1258780,41,136
1005130,41,136
575860,41,136
1158470,41,136
3060170,41,136
3566070,41,136
1769270,41,136
462250,41,136
1148450,41,136
2200190,41,136
878970,41,136
2153310,41,136
934120,41,136
859700,41,136
2928280,41,136
674960,41,136
2535680,41,136
698700,41,136
822540,41,136
454330,41,136
515040,41,136
731370,41,136
1005950,41,136
1914730,41,136
347520,41,136
712620,41,136
619810,41,136
1228520,41,136
3114010,41,136
1494400,41,136
1101780,41,136
1029870,41,136
480450,41,136
2314720,41,136
1491340,41,136
544710,41,136
872110,41,136
545810,41,136
605990,41,136
1670810,41,136
614560,41,136
521350,41,136
1243960,41,136
1080060,41,136
1908320,41,136
1129730,41,136
681330,41,136
1581950,41,136
3376080,41,136
1945230,41,136
1532650,41,136
490160,41,136
540780,41,136
363860,41,136
1373440,41,136
438650,41,136
448710,41,136
654230,41,136
1049270,41,136
3620220,41,136
1422180,41,136
760050,41,136
3155080,41,136
3334550,41,136
1262910,41,136
2837870,41,136
1411200,41,136
451760,41,136
1282890,41,136
949600,41,136
1360530,41,136
2619510,41,136
95700,41,136
1267310,41,136
1687000,41,136
224660,41,136
1576370,41,136
900050,41,136
308330,41,136
1679220,41,136
1264650,41,136
1089810,41,136
723390,41,136
1843090,41,136
646290,41,136
1048660,41,136
1283280,41,136
2996280,41,136
320970,41,136
823910,41,136
2757330,41,136
1130620,41,136
844670,41,136
2793370,41,136
562260,41,136
2736150,41,136
1029860,41,136
2450400,41,136
2343900,41,136
1460120,41,136
889450,41,136
2367230,41,136
2793710,41,136
2687160,41,136
836260,42,119
1218770,42,119
398890,42,119
2328650,42,119
787620,42,119
2195790,42,119
1288930,42,119
387850,42,119
321480,42,119
985580,42,119
2405850,42,119
1108540,42,119
1117390,42,119
32400,42,119
2080800,42,119
2124440,42,119
2789770,42,119
402210,42,119
2094270,42,119
3328720,42,119
3345060,42,119
3400850,42,119
2195780,42,119
271900,42,119
1938630,42,119
369290,42,119
1558210,42,119
755410,42,119
215280,42,119
1885200,42,119
361130,42,119
3623260,42,119
527330,42,119
307430,42,119
1831830,42,119
476920,42,119
6300,42,119
298160,42,119
524380,42,119
568130,42,119
416770,42,119
6010,42,119
733460,42,119
1013890,42,119
352360,42,119
2280540,42,119
1234400,42,119
1162640,42,119
2280520,42,119
445770,42,119
2180210,42,119
1575450,42,119
2767480,42,119
3074110,42,119
879470,42,119
1815330,42,119
421880,42,119
3042680,42,119
2094350,42,119
6000,42,119
2992240,42,119
747330,42,119
630250,42,119
2785280,42,119
1627610,42,119
2235150,42,119
558280,42,119
455910,42,119
904540,42,119
428260,42,119
513060,42,119
2000770,42,119
259470,42,119
3057760,42,119
17570,42,119
2004180,42,119
265890,42,119
644390,42,119
1945260,42,119
18700,42,119
557240,42,119
396280,42,119
1058020,42,119
560430,42,119
878320,42,119
2701750,42,119
394140,42,119
2058570,42,119
575880,42,119
2091550,42,119
415530,42,119
2281870,42,119
696440,42,119
1276130,42,119
3609770,42,119
1597280,42,119
746880,42,119
2473710,42,119
906250,42,119
337400,42,119
760830,42,119
3033620,42,119
1338980,42,119
808910,42,119
748610,42,119
944710,42,119
2175570,42,119
2795060,42,119
1564790,42,119
972940,42,119
1232100,42,119
32340,42,119
448820,42,119
1058640,42,119
2461710,42,119
3064670,42,119
32390,42,119
1742360,42,119
6040,42,119
308140,43,22
1521970,43,22
320570,43,22
425060,43,22
313730,43,22
1803400,43,22
436290,43,22
794610,43,22
1807090,43,22
1552080,43,22
811320,43,22
601540,43,22
308010,43,22
382200,43,22
325040,43,22
1664060,43,22
362010,43,22
349730,43,22
319880,43,22
450090,43,22
310450,43,22
1448260,43,22
266130,44,128
1189230,44,128
2579280,44,128
866510,44,128
1636710,44,128
305390,44,128
886460,44,128
302320,44,128
665740,44,128
799120,44,128
1550270,44,128
316600,44,128
356100,44,128
3106160,44,128
2529130,44,128
1654990,44,128
532660,44,128
1689080,44,128
716260,44,128
1813820,44,128
493310,44,128
739030,44,128
3057190,44,128
3215660,44,128
1116550,44,128
708760,44,128
2098130,44,128
2518900,44,128
2313130,44,128
987770,44,128
401420,44,128
1976980,44,128
459380,44,128
915310,44,128
1524630,44,128
1174720,44,128
1222940,44,128
2420880,44,128
1982340,44,128
1010890,44,128
1231580,44,128
1700630,44,128
671910,44,128
423710,44,128
2625510,44,128
671620,44,128
311860,44,128
1822710,44,128
2137760,44,128
444480,44,128
1320450,44,128
666610,44,128
2828490,44,128
699040,44,128
355170,44,128
1024800,44,128
1758220,44,128
2847110,44,128
963930,44,128
3043710,44,128
453660,44,128
2144220,44,128
816150,44,128
1203160,44,128
2845190,44,128
364790,44,128
1984230,44,128
1196080,44,128
1338470,44,128
657010,44,128
622890,44,128
1017580,44,128
2661210,44,128
3063130,44,128
983450,44,128
651090,44,128
1656640,44,128
283020,44,128
364850,44,128
652810,44,128
215870,44,128
3077020,44,128
671800,44,128
496950,44,128
662830,44,128
376200,44,128
1116580,44,128
1178130,44,128
1042560,44,128
1131810,44,128
3443610,44,128
2023810,44,128
3061170,44,128
789540,44,128
3614120,44,128
3057390,44,128
1112830,44,128
3047030,44,128
488910,44,128
2677310,44,128
1021130,44,128
283000,44,128
1660520,44,128
1790630,44,128
3062030,44,128
342360,44,128
304850,44,128
775270,44,128
444490,44,128
2163060,44,128
400410,44,128
2814820,44,128
2578880,44,128
2895600,44,128
1315980,44,128
2461430,44,128
450170,44,128
940300,44,128
345580,44,128
2125420,44,128
2994260,44,128
1926120,44,128
113420,44,128
1969130,44,128
858050,44,128
1823490,44,128
2482190,44,128
1417890,44,128
1761820,45,109
1083760,45,109
1920500,45,109
3041810,45,109
574560,45,109
586890,45,109
1836550,45,109
955050,45,109
1748390,45,109
2438260,45,109
2762460,45,109
1061770,45,109
3313930,45,109
470130,45,109
1238330,45,109
2803280,45,109
1276610,45,109
1711950,45,109
1627040,45,109
485260,45,109
1147490,45,109
834880,45,109
333330,45,109
2581050,45,109
3245050,45,109
1066010,45,109
3220830,45,109
860910,45,109
2355250,45,109
659630,45,109
668170,45,109
420930,45,109
495200,45,109
518030,45,109
3113230,45,109
388880,45,109
967250,45,109
2276830,45,109
2370140,45,109
405670,45,109
425990,45,109
3012510,45,109
449780,45,109
370020,45,109
1974520,45,109
1970460,45,109
1533680,45,109
397100,45,109
18820,45,109
988430,45,109
2285820,45,109
335620,45,109
581630,45,109
1078870,45,109
640800,45,109
402970,45,109
1948870,45,109
952690,45,109
855860,45,109
1077540,45,109
1895780,45,109
1403310,45,109
2618940,45,109
257730,45,109
1581580,45,109
277460,45,109
291190,45,109
2793720,45,109
1074190,45,109
936500,45,109
2016080,45,109
1612020,45,109
1220260,45,109
3092090,45,109
1268310,45,109
2360210,45,109
2917350,45,109
881490,45,109
2593760,45,109
1178830,45,109
3207880,45,109
720150,45,109
3258290,45,109
806140,45,109
463390,45,109
365050,45,109
2876550,45,109
844420,45,109
516610,45,109
320090,45,109
3318550,45,109
1035990,45,109
1481970,45,109
587430,45,109
843900,45,109
523610,45,109
1518810,45,109
2056200,45,109
1252320,45,109
2608250,45,109
661960,45,109
777420,45,109
833770,45,109
248860,45,109
218040,45,109
373120,45,109
2003290,45,109
1247640,45,109
2181930,45,109
490910,46,2
415950,46,2
348870,47,114
650820,47,114
1334730,47,114
2712910,47,114
1802270,47,114
3130,47,114
2442380,47,114
3693550,47,114
954420,47,114
652150,47,114
1759440,47,114
3340810,47,114
1945310,47,114
2009240,47,114
1807570,47,114
1092630,47,114
317790,47,114
3356790,47,114
950240,47,114
2675350,47,114
1428870,47,114
508540,47,114
962370,47,114
2229160,47,114
207570,47,114
737870,47,114
2363730,47,114
2942700,47,114
324520,47,114
2537010,47,114
356310,47,114
250600,47,114
700030,47,114
1859860,47,114
3291310,47,114
1826570,47,114
405460,47,114
331650,47,114
270010,47,114
1407140,47,114
2310810,47,114
553790,47,114
975680,47,114
3438040,47,114
1686520,47,114
400790,47,114
300510,47,114
772430,47,114
259550,47,114
338170,47,114
1067850,47,114
724940,47,114
1224120,47,114
589590,47,114
3101800,47,114
3446200,47,114
1959960,47,114
1925320,47,114
389250,47,114
938870,47,114
3263340,47,114
1500740,47,114
2369950,47,114
1100420,47,114
1640300,47,114
3144770,47,114
1522080,47,114
222420,47,114
543380,47,114
384680,47,114
417920,47,114
1784780,47,114
3384870,47,114
3060630,47,114
455950,47,114
1000410,47,114
3050220,47,114
3275010,47,114
2628420,47,114
312610,47,114
1574310,47,114
2879570,47,114
1483610,47,114
2108950,47,114
2735950,47,114
2700780,47,114
3085770,47,114
1903370,47,114
3290170,47,114
892960,47,114
2986260,47,114
2567490,47,114
2357910,47,114
2580020,47,114
3194140,47,114
573550,47,114
1462490,47,114
2722360,47,114
2593850,47,114
1309610,47,114
263800,47,114
295630,47,114
1738610,47,114
234570,47,114
249550,47,114
3269960,47,114
353240,47,114
583060,47,114
651970,47,114
2940490,47,114
289420,47,114
529500,47,114
916320,47,114
3569590,47,114
844760,48,114
3464890,48,114
1684820,48,114
2205440,48,114
235620,48,114
3306030,48,114
323650,48,114
2506160,48,114
1660910,48,114
1386900,48,114
324070,48,114
294190,48,114
3435860,48,114
3099000,48,114
1700,48,114
2296550,48,114
3011030,48,114
1531490,48,114
686300,48,114
360530,48,114
999860,48,114
436810,48,114
1420350,48,114
2449040,48,114
266010,48,114
551570,48,114
2101890,48,114
3084590,48,114
398970,48,114
1782570,48,114
329130,48,114
3500200,48,114
60600,48,114
1183030,48,114
2994150,48,114
2404130,48,114
980600,48,114
1868410,48,114
1592280,48,114
2007530,48,114
603690,48,114
355980,48,114
1698670,48,114
2056340,48,114
1620540,48,114
407900,48,114
816270,48,114
1585910,48,114
3167970,48,114
1393570,48,114
747920,48,114
3101160,48,114
459880,48,114
745710,48,114
290890,48,114
391720,48,114
681780,48,114
898120,48,114
270370,48,114
721890,48,114
2283380,48,114
1274490,48,114
1035850,48,114
1099530,48,114
612160,48,114
1529350,48,114
2100150,48,114
2119150,48,114
2767950,48,114
451900,48,114
1930340,48,114
2198940,48,114
1610440,48,114
434520,48,114
629240,48,114
2497920,48,114
743670,48,114
2170920,48,114
754150,48,114
2019300,48,114
725480,48,114
1946700,48,114
2413190,48,114
2152740,48,114
659460,48,114
1048100,48,114
1527290,48,114
2406410,48,114
1305300,48,114
814530,48,114
901000,48,114
3122150,48,114
785890,48,114
3068320,48,114
353360,48,114
2865590,48,114
1123870,48,114
2790330,48,114
1057850,48,114
889060,48,114
779570,48,114
1285080,48,114
2091130,48,114
755520,48,114
587310,48,114
2620240,48,114
3555700,48,114
288080,48,114
1380310,48,114
1528220,48,114
3064160,48,114
868150,48,114
396650,48,114
3216200,48,114
259780,49,1
2675890,50,43
941460,50,43
2526410,50,43
2372330,50,43
1648190,50,43
1150760,50,43
2770460,50,43
2427560,50,43
2456350,50,43
824070,50,43
908360,50,43
2938130,50,43
1057640,50,43
1507220,50,43
1589570,50,43
908740,50,43
1997660,50,43
808800,50,43
1206410,50,43
2814220,50,43
2710500,50,43
1612620,50,43
2494810,50,43
1706860,50,43
2214220,50,43
2317640,50,43
2757820,50,43
345020,50,43
1125240,50,43
1269370,50,43
1170230,50,43
1534840,50,43
1000800,50,43
2464530,50,43
2507980,50,43
2543770,50,43
2286780,50,43
2518120,50,43
1111930,50,43
1411910,50,43
956680,50,43
2191050,50,43
442660,50,43
490230,51,105
330680,51,105
777470,51,105
2517850,51,105
1421760,51,105
936720,51,105
2259310,51,105
3705820,51,105
462700,51,105
3437170,51,105
793280,51,105
849360,51,105
684000,51,105
1248220,51,105
3056370,51,105
2690970,51,105
310370,51,105
714640,51,105
2918410,51,105
2791020,51,105
2567370,51,105
1067580,51,105
1755350,51,105
2535770,51,105
3256600,51,105
1853200,51,105
1797680,51,105
2953510,51,105
3456560,51,105
2063420,51,105
296730,51,105
1560060,51,105
1985480,51,105
830810,51,105
3284230,51,105
704040,51,105
399010,51,105
252070,51,105
703400,51,105
710170,51,105
2393770,51,105
1241950,51,105
893840,51,105
1181000,51,105
348370,51,105
1022130,51,105
3373670,51,105
523030,51,105
284910,51,105
344130,51,105
778340,51,105
701720,51,105
1763230,51,105
1352730,51,105
905970,51,105
314020,51,105
1313400,51,105
3077360,51,105
2735510,51,105
499940,51,105
1053170,51,105
2178490,51,105
1494810,51,105
880760,51,105
2507970,51,105
736250,51,105
877200,51,105
1008800,51,105
2094910,51,105
1304350,51,105
2207470,51,105
1610610,51,105
561590,51,105
1304680,51,105
877780,51,105
1476360,51,105
546210,51,105
1639210,51,105
2432200,51,105
3320070,51,105
443880,51,105
564050,51,105
691080,51,105
872730,51,105
434890,51,105
491720,51,105
506540,51,105
284220,51,105
1184210,51,105
1707780,51,105
777340,51,105
501090,51,105
1081740,51,105
814540,51,105
1037130,51,105
1973580,51,105
1230170,51,105
3296790,51,105
805400,51,105
2361460,51,105
1694510,51,105
844330,51,105
547180,51,105
399020,51,105
356880,51,105
428600,52,3
423850,52,3
384240,52,3
761320,53,125
370430,53,125
295430,53,125
2626970,53,125
2401680,53,125
2167220,53,125
208110,53,125
2581410,53,125
1916970,53,125
2724540,53,125
848350,53,125
403280,53,125
253650,53,125
1661260,53,125
543720,53,125
654000,53,125
488550,53,125
63610,53,125
2443770,53,125
1372660,53,125
104600,53,125
1759130,53,125
1931950,53,125
63660,53,125
2761920,53,125
1227690,53,125
234190,53,125
1311570,53,125
18010,53,125
272040,53,125
608760,53,125
593960,53,125
1714580,53,125
283410,53,125
1859020,53,125
725270,53,125
382380,53,125
508580,53,125
2017370,53,125
2936030,53,125
2051550,53,125
1194050,53,125
967940,53,125
1306180,53,125
678310,53,125
1072530,53,125
348360,53,125
1940040,53,125
299840,53,125
787750,53,125
3168920,53,125
2544090,53,125
1228570,53,125
1350250,53,125
398710,53,125
3401000,53,125
1189680,53,125
2832400,53,125
438720,53,125
292410,53,125
1398210,53,125
943380,53,125
1508170,53,125
2200650,53,125
1714250,53,125
2458310,53,125
298280,53,125
2343710,53,125
3201210,53,125
2152460,53,125
2887780,53,125
1916270,53,125
23550,53,125
570580,53,125
3288180,53,125
502750,53,125
364390,53,125
589160,53,125
2203590,53,125
662380,53,125
853200,53,125
2765650,53,125
466630,53,125
361190,53,125
435010,53,125
2102240,53,125
568210,53,125
354430,53,125
625430,53,125
300380,53,125
564960,53,125
538840,53,125
968440,53,125
572050,53,125
2658520,53,125
971460,53,125
2856030,53,125
447890,53,125
431590,53,125
893360,53,125
437160,53,125
512270,53,125
843160,53,125
839300,53,125
1408100,53,125
2778430,53,125
2010030,53,125
2620500,53,125
1968340,53,125
2822370,53,125
18030,53,125
10110,53,125
1226970,53,125
625370,53,125
3466550,53,125
1661270,53,125
559640,53,125
1255980,53,125
1150730,53,125
559680,53,125
375460,53,125
666220,53,125
1469060,53,125
1218280,53,125
359300,53,125
967450,54,156
2475660,54,156
2261350,54,156
1393350,54,156
3037930,54,156
3413960,54,156
812440,54,156
956540,54,156
834280,54,156
613400,54,156
1028860,54,156
2865580,54,156
1383640,54,156
927310,54,156
1584660,54,156
1212410,54,156
845070,54,156
687750,54,156
234710,54,156
3459750,54,156
760920,54,156
703820,54,156
2235870,54,156
3064290,54,156
16120,54,156
1883800,54,156
2788630,54,156
1601840,54,156
718980,54,156
3691220,54,156
2503740,54,156
3068670,54,156
359540,54,156
1706090,54,156
520230,54,156
1060450,54,156
2357950,54,156
330840,54,156
855740,54,156
3465270,54,156
758980,54,156
1033100,54,156
1477010,54,156
1609080,54,156
2101350,54,156
322850,54,156
2214170,54,156
1654660,54,156
2185870,54,156
2492780,54,156
16100,54,156
2206140,54,156
1910550,54,156
824880,54,156
2835110,54,156
16180,54,156
1709180,54,156
1295900,54,156
2597970,54,156
639170,54,156
2054770,54,156
1905980,54,156
3519440,54,156
1043180,54,156
2259970,54,156
442810,54,156
1494840,54,156
303680,54,156
278120,54,156
304810,54,156
3334660,54,156
948880,54,156
1694960,54,156
3006310,54,156
1231880,54,156
3073580,54,156
2294380,54,156
2718240,54,156
1949980,54,156
352580,54,156
1237610,54,156
2194730,54,156
31250,54,156
2400400,54,156
1887330,54,156
897940,54,156
1907350,54,156
746140,54,156
376870,54,156
672460,54,156
2088160,54,156
276890,54,156
1554600,54,156
1194700,54,156
1234380,54,156
3054260,54,156
1806960,54,156
875340,54,156
924100,54,156
678100,54,156
2246110,54,156
295710,54,156
769420,54,156
366690,54,156
2185850,54,156
1674900,54,156
409430,54,156
16130,54,156
661230,54,156
2779910,54,156
2138450,54,156
2012670,54,156
591090,54,156
879320,54,156
2165620,54,156
3126330,54,156
2179520,54,156
2272050,54,156
2996190,54,156
1016110,54,156
303690,54,156
3506110,54,156
800290,54,156
2184350,54,156
982480,54,156
2277090,54,156
3472810,54,156
453270,54,156
1726530,54,156
1430760,54,156
237870,54,156
2903710,54,156
31290,54,156
749470,54,156
94520,54,156
2386870,54,156
410110,54,156
416550,54,156
16200,54,156
2559360,54,156
2024070,54,156
889730,54,156
1322600,54,156
1287590,54,156
1592750,54,156
1768650,54,156
1954120,54,156
1687940,54,156
1398390,54,156
1448750,54,156
2209150,54,156
3339330,54,156
2163000,54,156
2840190,54,156
1981820,54,156
837200,54,156
963280,55,2
1984790,55,2
2279600,56,29
1216980,56,29
1184760,56,29
1610290,56,29
2652480,56,29
794540,56,29
802870,56,29
1808680,56,29
335670,56,29
317820,56,29
1714870,56,29
1684930,56,29
2686900,56,29
3021630,56,29
451780,56,29
524580,56,29
3109050,56,29
3014520,56,29
571530,56,29
1708010,56,29
1325040,56,29
2102760,56,29
2311820,56,29
345440,56,29
1005120,56,29
1416050,56,29
1388870,56,29
814680,56,29
2543760,56,29
446750,57,108
1239260,57,108
1725640,57,108
1234940,57,108
1950450,57,108
2419710,57,108
2477270,57,108
503580,57,108
1451490,57,108
1928710,57,108
695330,57,108
2814910,57,108
1718240,57,108
2463980,57,108
2076140,57,108
1449100,57,108
1969080,57,108
816380,57,108
2578910,57,108
3421300,57,108
612720,57,108
466130,57,108
812940,57,108
2707300,57,108
1282760,57,108
436160,57,108
3296800,57,108
873960,57,108
610410,57,108
2610090,57,108
3413460,57,108
450850,57,108
1307580,57,108
717780,57,108
1956040,57,108
1498140,57,108
286300,57,108
845600,57,108
598060,57,108
922460,57,108
2107090,57,108
3247200,57,108
2825110,57,108
1863670,57,108
2580000,57,108
2452630,57,108
2515210,57,108
575690,57,108
1610120,57,108
1751350,57,108
1573700,57,108
2209680,57,108
697610,57,108
3432500,57,108
1590640,57,108
1949190,57,108
1297390,57,108
2265920,57,108
816190,57,108
1241020,57,108
2430440,57,108
392120,57,108
3615160,57,108
3051380,57,108
340770,57,108
492170,57,108
3037180,57,108
1151920,57,108
1573090,57,108
233700,57,108
2277320,57,108
349250,57,108
1162070,57,108
949290,57,108
2229560,57,108
654880,57,108
1903510,57,108
1485080,57,108
3353360,57,108
1160490,57,108
1309000,57,108
2449430,57,108
1148150,57,108
2214500,57,108
3350140,57,108
3087650,57,108
2090760,57,108
1272550,57,108
1307090,57,108
862800,57,108
723090,57,108
544920,57,108
998830,57,108
1997780,57,108
313680,57,108
356670,57,108
2070550,57,108
746510,57,108
1493020,57,108
3180930,57,108
1435670,57,108
1985710,57,108
287070,57,108
1968430,57,108
1835240,57,108
1290330,57,108
1825210,57,108
618140,57,108
540650,58,36
848200,58,36
1905530,58,36
2752520,58,36
2670760,58,36
1792820,58,36
396710,58,36
347800,58,36
1108590,58,36
268750,58,36
2653240,58,36
1384630,58,36
407230,58,36
2346630,58,36
1413660,58,36
1363350,58,36
364420,58,36
1658290,58,36
527710,58,36
1717090,58,36
236090,58,36
435240,58,36
384110,58,36
1393750,58,36
1952370,58,36
2793960,58,36
239070,58,36
293440,58,36
1013910,58,36
321940,58,36
339700,58,36
2185500,58,36
249630,58,36
487120,58,36
2057550,58,36
1574240,58,36
1206050,59,144
2021710,59,144
342270,59,144
388370,59,144
1457030,59,144
1043240,59,144
440450,59,144
1407210,59,144
65780,59,144
1079160,59,144
3356700,59,144
1061150,59,144
235820,59,144
2744940,59,144
33900,59,144
386080,59,144
1268420,59,144
887370,59,144
609940,59,144
1157640,59,144
200900,59,144
724010,59,144
260790,59,144
1173350,59,144
1381770,59,144
1100160,59,144
528550,59,144
937570,59,144
65790,59,144
1426300,59,144
666640,59,144
1766160,59,144
1641990,59,144
234860,59,144
313470,59,144
375600,59,144
638990,59,144
1918040,59,144
1911390,59,144
333080,59,144
375560,59,144
2019760,59,144
3384190,59,144
362810,59,144
1097370,59,144
1046750,59,144
1768550,59,144
777150,59,144
1335030,59,144
844960,59,144
1193560,59,144
2940200,59,144
1721350,59,144
2745870,59,144
308420,59,144
787370,59,144
3214880,59,144
1064130,59,144
44100,59,144
639660,59,144
937580,59,144
794230,59,144
581520,59,144
2768260,59,144
645280,59,144
2360,59,144
2400340,59,144
2150300,59,144
1466690,59,144
1296260,59,144
1460750,59,144
2337640,59,144
327470,59,144
411610,59,144
2347940,59,144
813700,59,144
275700,59,144
535490,59,144
1126270,59,144
713160,59,144
1726310,59,144
2499770,59,144
495140,59,144
935070,59,144
1287920,59,144
293860,59,144
1100140,59,144
262960,59,144
989770,59,144
3083090,59,144
2595230,59,144
9060,59,144
938060,59,144
870690,59,144
1466680,59,144
2194610,59,144
233800,59,144
1577620,59,144
1288170,59,144
602550,59,144
1566410,59,144
3126730,59,144
705260,59,144
840810,59,144
2256450,59,144
1205450,59,144
848230,59,144
2065800,59,144
800200,59,144
745880,59,144
65720,59,144
2009780,59,144
614860,59,144
793480,59,144
377680,59,144
500340,59,144
368610,59,144
2097230,59,144
343600,59,144
1420810,59,144
683830,59,144
1452250,59,144
1847510,59,144
2097720,59,144
2775110,59,144
589270,59,144
2322660,59,144
292380,59,144
1358090,59,144
1749860,59,144
3117780,59,144
2390,59,144
3313310,59,144
1157340,59,144
1406020,59,144
285110,59,144
1036750,59,144
828860,59,144
33910,59,144
1159560,59,144
1100170,59,144
2370,59,144
2615630,59,144
2375080,59,144
1868300,60,4
998400,60,4
1601330,60,4
1321450,60,4
990160,61,126
1482380,61,126
1492420,61,126
343690,61,126
584780,61,126
2830720,61,126
380360,61,126
852590,61,126
858090,61,126
2543650,61,126
1065460,61,126
2243110,61,126
346850,61,126
778560,61,126
449710,61,126
732160,61,126
661970,61,126
214630,61,126
575680,61,126
280,61,126
680980,61,126
914320,61,126
889080,61,126
539460,61,126
1317020,61,126
445720,61,126
848500,61,126
3075800,61,126
586790,61,126
570060,61,126
2304620,61,126
583950,61,126
467090,61,126
1142220,61,126
2525520,61,126
776190,61,126
321620,61,126
40,61,126
1150460,61,126
433730,61,126
102500,61,126
2891120,61,126
735060,61,126
389270,61,126
2453060,61,126
2020860,61,126
576430,61,126
775690,61,126
3195080,61,126
2960870,61,126
1909270,61,126
793150,61,126
2947640,61,126
2300370,61,126
654340,61,126
1208520,61,126
2084940,61,126
1022310,61,126
2537920,61,126
400080,61,126
1919600,61,126
868510,61,126
360,61,126
770500,61,126
354900,61,126
604010,61,126
1720560,61,126
562520,61,126
891100,61,126
348730,61,126
1268360,61,126
1424520,61,126
375510,61,126
450390,61,126
226700,61,126
512410,61,126
868020,61,126
2391740,61,126
2686970,61,126
2297070,61,126
2242760,61,126
60,61,126
1722570,61,126
2691470,61,126
2531520,61,126
590870,61,126
810800,61,126
1394270,61,126
24880,61,126
385820,61,126
612470,61,126
1050280,61,126
1842610,61,126
1761270,61,126
962970,61,126
569430,61,126
340,61,126
489570,61,126
2534830,61,126
436860,61,126
2985610,61,126
862370,61,126
630,61,126
1955230,61,126
2638180,61,126
1064580,61,126
1693280,61,126
820600,61,126
1813430,61,126
326990,61,126
994140,61,126
853450,61,126
1732180,61,126
2953830,61,126
1269260,61,126
310510,61,126
504770,61,126
580950,61,126
438820,61,126
661490,61,126
281350,61,126
269370,61,126
1281800,61,126
467370,61,126
3111510,61,126
2318430,61,126
900060,62,113
2741560,62,113
294710,62,113
283960,62,113
1110960,62,113
2833640,62,113
787980,62,113
294680,62,113
344090,62,113
3536130,62,113
1064610,62,113
1610870,62,113
3310510,62,113
3280850,62,113
1389630,62,113
363050,62,113
3095550,62,113
2804360,62,113
1032520,62,113
376760,62,113
33650,62,113
292800,62,113
502320,62,113
1230410,62,113
746620,62,113
1665190,62,113
2207970,62,113
2740280,62,113
756040,62,113
317030,62,113
2294450,62,113
801870,62,113
613390,62,113
1723260,62,113
707720,62,113
294650,62,113
1024540,62,113
806900,62,113
582550,62,113
449070,62,113
294530,62,113
2195390,62,113
374890,62,113
1706210,62,113
348810,62,113
1408110,62,113
316360,62,113
314070,62,113
961220,62,113
3328910,62,113
284000,62,113
1363430,62,113
219830,62,113
317020,62,113
2378490,62,113
283940,62,113
294670,62,113
2331260,62,113
283920,62,113
292820,62,113
294570,62,113
1033340,62,113
3106520,62,113
692190,62,113
2747780,62,113
2564350,62,113
292300,62,113
407150,62,113
653080,62,113
1184250,62,113
292860,62,113
1045020,62,113
3096620,62,113
714150,62,113
2658470,62,113
363060,62,113
264160,62,113
787690,62,113
283980,62,113
856670,62,113
284020,62,113
2960430,62,113
600500,62,113
294540,62,113
324420,62,113
1333910,62,113
292780,62,113
1637400,62,113
527580,62,113
1069480,62,113
294690,62,113
294550,62,113
294720,62,113
484920,62,113
1028930,62,113
496240,62,113
1973970,62,113
392290,62,113
2305810,62,113
2373440,62,113
1991980,62,113
1334160,62,113
294700,62,113
1595030,62,113
1773180,62,113
695030,62,113
2306880,62,113
3512220,62,113
2461780,62,113
1488560,62,113
3327670,62,113
512490,62,113
1570760,62,113
1651790,63,125
339320,63,125
1818690,63,125
1253710,63,125
396750,63,125
2716930,63,125
3304770,63,125
1791590,63,125
918070,63,125
3107590,63,125
1501490,63,125
1052990,63,125
2409360,63,125
1045070,63,125
612610,63,125
788270,63,125
2985930,63,125
704640,63,125
1150890,63,125
2957700,63,125
955170,63,125
3200080,63,125
1492200,63,125
596240,63,125
2187660,63,125
1778210,63,125
1043340,63,125
578310,63,125
2580130,63,125
919010,63,125
788960,63,125
2815610,63,125
1608590,63,125
614910,63,125
352440,63,125
2879480,63,125
3229480,63,125
1221230,63,125
3209620,63,125
349500,63,125
2834600,63,125
1437760,63,125
3149840,63,125
1085220,63,125
2462060,63,125
1082970,63,125
863270,63,125
1820720,63,125
1990050,63,125
872580,63,125
1182090,63,125
493540,63,125
788420,63,125
686840,63,125
61730,63,125
729460,63,125
2736860,63,125
1946430,63,125
1141580,63,125
3633670,63,125
271570,63,125
575590,63,125
659780,63,125
2483800,63,125
1743650,63,125
1901370,63,125
1981610,63,125
520540,63,125
771950,63,125
831770,63,125
1062960,63,125
2413400,63,125
2510130,63,125
3400990,63,125
1510580,63,125
610570,63,125
345010,63,125
675140,63,125
2820600,63,125
926310,63,125
543600,63,125
1069360,63,125
3128740,63,125
753660,63,125
2181610,63,125
1649830,63,125
2876250,63,125
1070710,63,125
2700230,63,125
1985740,63,125
723350,63,125
362110,63,125
1044110,63,125
355490,63,125
816250,63,125
1507420,63,125
1471180,63,125
813300,63,125
739290,63,125
569610,63,125
2169950,63,125
1569440,63,125
2568880,63,125
2154330,63,125
2005210,63,125
1083820,63,125
1104380,63,125
2118120,63,125
1081670,63,125
959520,63,125
1592740,63,125
1513120,63,125
985590,63,125
1748750,63,125
1324350,63,125
415980,63,125
3023490,63,125
2343240,63,125
222730,63,125
1074620,63,125
1583500,63,125
1491200,63,125
1550180,63,125
529630,63,125
729720,63,125
1935010,64,1
458560,65,21
1380430,65,21
999200,65,21
3668270,65,21
739260,65,21
244630,65,21
338000,65,21
1116960,65,21
1252580,65,21
639650,65,21
1089130,65,21
546390,65,21
17580,65,21
3096550,65,21
3623500,65,21
804270,65,21
403690,65,21
2387110,65,21
2307370,65,21
365300,65,21
2784980,65,21
6220,66,6
446850,66,6
387230,66,6
2304680,66,6
11390,66,6
389510,66,6
525510,67,154
436280,67,154
2173760,67,154
1518220,67,154
1944560,67,154
2264880,67,154
433790,67,154
2075720,67,154
366440,67,154
17700,67,154
366920,67,154
39800,67,154
918900,67,154
1812290,67,154
1781350,67,154
903040,67,154
341890,67,154
726390,67,154
1325800,67,154
2898880,67,154
546180,67,154
1286730,67,154
307030,67,154
1148590,67,154
623180,67,154
1398740,67,154
322210,67,154
1262250,67,154
1618230,67,154
3085890,67,154
623170,67,154
2823080,67,154
2270,67,154
354570,67,154
880850,67,154
339280,67,154
811160,67,154
293780,67,154
1029900,67,154
1592670,67,154
380840,67,154
1153830,67,154
1229460,67,154
560220,67,154
716090,67,154
452860,67,154
1516400,67,154
2000390,67,154
2510760,67,154
1324530,67,154
539470,67,154
1933700,67,154
1094680,67,154
3125570,67,154
2434160,67,154
2884080,67,154
3389630,67,154
208570,67,154
997170,67,154
2011780,67,154
628900,67,154
263880,67,154
2128480,67,154
463150,67,154
252850,67,154
799080,67,154
276340,67,154
1569620,67,154
2264140,67,154
1619570,67,154
524910,67,154
2194670,67,154
2965280,67,154
3251270,67,154
1873030,67,154
296570,67,154
625770,67,154
415420,67,154
681380,67,154
336230,67,154
487700,67,154
770050,67,154
81030,67,154
662930,67,154
1545430,67,154
1812390,67,154
1104840,67,154
2833530,67,154
1572080,67,154
3153240,67,154
2020240,67,154
1819980,67,154
3152540,67,154
367210,67,154
353090,67,154
269670,67,154
2307890,67,154
1297660,67,154
2287710,67,154
2632800,67,154
955740,67,154
2293410,67,154
662230,67,154
871100,67,154
926820,67,154
1806040,67,154
377460,67,154
1320140,67,154
1153150,67,154
2711030,67,154
2259140,67,154
534910,67,154
1003480,67,154
1986760,67,154
948100,67,154
3543930,67,154
3233390,67,154
407110,67,154
293260,67,154
3218530,67,154
1173310,67,154
384690,67,154
280620,67,154
332370,67,154
448320,67,154
468800,67,154
1024970,67,154
491660,67,154
3273420,67,154
3651080,67,154
761680,67,154
3229170,67,154
249610,67,154
2057770,67,154
2134860,67,154
3428620,67,154
2016280,67,154
941920,67,154
1864080,67,154
1416000,67,154
754050,67,154
1527910,67,154
820910,67,154
2249600,67,154
447820,67,154
2378710,67,154
2738380,67,154
966090,67,154
336300,67,154
937170,67,154
581380,67,154
1861880,67,154
900380,67,154
510060,67,154
3253530,68,126
1007090,68,126
388440,68,126
497060,68,126
1005930,68,126
2002570,68,126
732430,68,126
477130,68,126
1299120,68,126
709920,68,126
2854480,68,126
2700970,68,126
854250,68,126
2452920,68,126
494150,68,126
977640,68,126
728730,68,126
416160,68,126
1087460,68,126
2950480,68,126
722660,68,126
486780,68,126
1876590,68,126
1500820,68,126
94000,68,126
1933450,68,126
3349670,68,126
1970980,68,126
1001850,68,126
812960,68,126
2700,68,126
3637740,68,126
1508430,68,126
3061070,68,126
1876830,68,126
557400,68,126
1929360,68,126
2113040,68,126
837390,68,126
2233200,68,126
1626890,68,126
1546310,68,126
2640560,68,126
3112500,68,126
2119440,68,126
856990,68,126
495520,68,126
1564110,68,126
2716120,68,126
697130,68,126
1504020,68,126
2857000,68,126
2234660,68,126
788770,68,126
454420,68,126
628770,68,126
2238170,68,126
2842430,68,126
3045310,68,126
2071810,68,126
1693260,68,126
1078800,68,126
1947500,68,126
2654520,68,126
558100,68,126
2697300,68,126
1109360,68,126
1426440,68,126
3001330,68,126
1996930,68,126
1142080,68,126
2536260,68,126
1078420,68,126
1094000,68,126
2940890,68,126
1606020,68,126
1116170,68,126
414720,68,126
2450700,68,126
2116510,68,126
954870,68,126
654800,68,126
534190,68,126
1429880,68,126
2071430,68,126
3486240,68,126
1388230,68,126
1604000,68,126
2295790,68,126
280740,68,126
941120,68,126
2936180,68,126
208470,68,126
907040,68,126
1570020,68,126
2302640,68,126
2667410,68,126
243780,68,126
709780,68,126
1490060,68,126
755550,68,126
332330,68,126
857180,68,126
242720,68,126
519190,68,126
1807480,68,126
1747330,68,126
385270,68,126
328220,68,126
3484160,68,126
993740,68,126
3098470,68,126
2233750,68,126
1811480,68,126
1935910,68,126
893460,68,126
767400,68,126
661220,68,126
850940,68,126
1828320,68,126
404820,68,126
1301390,68,126
2540860,68,126
1372150,68,126
1306060,68,126
2112680,68,126
329860,69,100
1067900,69,100
872680,69,100
909430,69,100
2162820,69,100
640120,69,100
17740,69,100
2517810,69,100
489350,69,100
2142710,69,100
263180,69,100
668610,69,100
3125250,69,100
1623700,69,100
975980,69,100
1926680,69,100
2419630,69,100
460250,69,100
608630,69,100
640300,69,100
760810,69,100
1077970,69,100
411560,69,100
1795570,69,100
485650,69,100
2522260,69,100
501180,69,100
2383530,69,100
876290,69,100
1216230,69,100
1498600,69,100
1693990,69,100
740270,69,100
576400,69,100
460960,69,100
1489680,69,100
362920,69,100
3452330,69,100
826930,69,100
2930320,69,100
523970,69,100
2992500,69,100
1277920,69,100
635430,69,100
2952120,69,100
2200,69,100
1956430,69,100
2359170,69,100
2099800,69,100
418950,69,100
687320,69,100
540320,69,100
2711350,69,100
550810,69,100
557180,69,100
2653170,69,100
2121100,69,100
358130,69,100
920320,69,100
688020,69,100
1450650,69,100
2600600,69,100
526920,69,100
389050,69,100
1354990,69,100
499420,69,100
1960920,69,100
2545650,69,100
574820,69,100
2539520,69,100
1641270,69,100
2829600,69,100
552780,69,100
3072000,69,100
405480,69,100
521800,69,100
589120,69,100
2491360,69,100
872990,69,100
575780,69,100
9180,69,100
2307220,69,100
221180,69,100
3340480,69,100
659540,69,100
3313260,69,100
2306590,69,100
994500,69,100
1094390,69,100
2118850,69,100
980090,69,100
2753240,69,100
601180,69,100
760460,69,100
2246300,69,100
3547790,69,100
1096720,69,100
1819460,69,100
1769780,69,100
1584940,69,100
825170,70,162
861760,70,162
1114220,70,162
1637370,70,162
275530,70,162
870940,70,162
2693710,70,162
360740,70,162
302190,70,162
692100,70,162
1765300,70,162
3730,70,162
886750,70,162
3700,70,162
277270,70,162
730580,70,162
716490,70,162
905340,70,162
623920,70,162
254920,70,162
1803600,70,162
983150,70,162
547050,70,162
2489850,70,162
883400,70,162
1725440,70,162
465240,70,162
3069810,70,162
1092430,70,162
1914580,70,162
1588910,70,162
1904790,70,162
2406370,70,162
3265520,70,162
278510,70,162
500190,70,162
238070,70,162
1494500,70,162
2570630,70,162
1984720,70,162
3602770,70,162
567670,70,162
312990,70,162
387930,70,162
3446150,70,162
803520,70,162
3059010,70,162
1816390,70,162
1125390,70,162
277110,70,162
619600,70,162
1417720,70,162
2314650,70,162
2456070,70,162
417290,70,162
2646660,70,162
312690,70,162
933210,70,162
2010420,70,162
3573000,70,162
643970,70,162
2494930,70,162
983800,70,162
967370,70,162
629390,70,162
749520,70,162
577690,70,162
1720050,70,162
1352200,70,162
735350,70,162
3065090,70,162
2125090,70,162
674090,70,162
3089290,70,162
910830,70,162
290300,70,162
411630,70,162
530370,70,162
707590,70,162
8170,70,162
906100,70,162
2337820,70,162
279560,70,162
2377230,70,162
2286390,70,162
1045220,70,162
247240,70,162
2328730,70,162
464340,70,162
3327170,70,162
913550,70,162
2803060,70,162
3391450,70,162
3021340,70,162
402560,70,162
1661630,70,162
645230,70,162
360820,70,162
1343970,70,162
2353700,70,162
589780,70,162
322020,70,162
98610,70,162
713420,70,162
456030,70,162
2566340,70,162
791150,70,162
2196640,70,162
1430220,70,162
1168880,70,162
227780,70,162
2348820,70,162
300570,70,162
400940,70,162
957790,70,162
2229350,70,162
1183260,70,162
1020090,70,162
2610,70,162
1511780,70,162
1856680,70,162
46510,70,162
1630920,70,162
3225010,70,162
3665840,70,162
1035510,70,162
1184570,70,162
457810,70,162
3720,70,162
2144590,70,162
420330,70,162
3611990,70,162
1280,70,162
293460,70,162
3171460,70,162
2455140,70,162
651650,70,162
326430,70,162
1294220,70,162
654940,70,162
343730,70,162
1265230,70,162
29130,70,162
3105680,70,162
3211460,70,162
1623880,70,162
735520,70,162
1338580,70,162
959410,70,162
864430,70,162
748370,70,162
963220,70,162
1200350,70,162
244410,70,162
2689970,70,162
430100,70,162
225160,70,162
748730,70,162
46560,70,162
2423320,70,162
2456080,70,162
320320,70,162
370460,71,31
738530,71,31
585910,71,31
570050,71,31
200590,71,31
255160,71,31
1782150,71,31
1889930,71,31
1640160,71,31
326340,71,31
5940,71,31
1557860,71,31
47790,71,31
67370,71,31
388750,71,31
2478020,71,31
108800,71,31
1744330,71,31
1294420,71,31
1836860,71,31
243950,71,31
2357400,71,31
1085510,71,31
505170,71,31
1695830,71,31
2200580,71,31
756530,71,31
607880,71,31
362930,71,31
2518960,71,31
312650,71,31
440150,72,155
1358750,72,155
417720,72,155
754730,72,155
2278520,72,155
1110390,72,155
451500,72,155
535120,72,155
47520,72,155
1418870,72,155
624770,72,155
495460,72,155
499950,72,155
1100830,72,155
242940,72,155
37300,72,155
231390,72,155
691960,72,155
770720,72,155
33710,72,155
2505760,72,155
3023070,72,155
2440960,72,155
723330,72,155
288570,72,155
382670,72,155
713400,72,155
1196600,72,155
2375330,72,155
37280,72,155
362230,72,155
37340,72,155
2147450,72,155
19030,72,155
1057810,72,155
46850,72,155
600220,72,155
3048530,72,155
36130,72,155
686140,72,155
3042150,72,155
613920,72,155
906290,72,155
681830,72,155
1801280,72,155
255260,72,155
3324740,72,155
401870,72,155
934430,72,155
1223840,72,155
946390,72,155
783640,72,155
1005750,72,155
37230,72,155
678550,72,155
15330,72,155
382700,72,155
3216320,72,155
535990,72,155
22340,72,155
15160,72,155
3960,72,155
561200,72,155
561060,72,155
321640,72,155
427350,72,155
971720,72,155
419580,72,155
435170,72,155
535960,72,155
617950,72,155
2339300,72,155
674460,72,155
775370,72,155
2939590,72,155
420090,72,155
371270,72,155
3610,72,155
537640,72,155
35030,72,155
37380,72,155
379280,72,155
409970,72,155
735830,72,155
1300620,72,155
526200,72,155
409760,72,155
464190,72,155
1366960,72,155
534600,72,155
382690,72,155
242960,72,155
535060,72,155
33780,72,155
49000,72,155
2383020,72,155
222860,72,155
550760,72,155
648590,72,155
855910,72,155
524150,72,155
484870,72,155
752220,72,155
3416780,72,155
440160,72,155
1477490,72,155
1831250,72,155
2502200,72,155
243020,72,155
210090,72,155
251130,72,155
681810,72,155
730110,72,155
207060,72,155
200240,72,155
387480,72,155
57400,72,155
413290,72,155
11610,72,155
3181420,72,155
525830,72,155
530940,72,155
3970,72,155
3155730,72,155
895970,72,155
37290,72,155
1173550,72,155
98300,72,155
1046480,72,155
382760,72,155
37390,72,155
1541840,72,155
518810,72,155
558230,72,155
2060400,72,155
326740,72,155
681840,72,155
895950,72,155
2467230,72,155
1630590,72,155
413170,72,155
33770,72,155
528390,72,155
217750,72,155
1070910,72,155
536070,72,155
298620,72,155
233960,72,155
617190,72,155
2202430,72,155
294560,72,155
1011810,72,155
946350,72,155
368060,72,155
2752470,72,155
1719100,73,136
1463510,73,136
366800,73,136
1346360,73,136
849940,73,136
2235240,73,136
1482770,73,136
3569400,73,136
1304470,73,136
3002620,73,136
2095340,73,136
2729480,73,136
3021940,73,136
417360,73,136
2756830,73,136
513370,73,136
332130,73,136
656020,73,136
735410,73,136
859990,73,136
955070,73,136
335990,73,136
764570,73,136
850710,73,136
1072120,73,136
779800,73,136
402390,73,136
2065810,73,136
2676180,73,136
550440,73,136
2120900,73,136
417860,73,136
1501690,73,136
431460,73,136
3463050,73,136
1158910,73,136
918720,73,136
2027550,73,136
945440,73,136
3451610,73,136
2423300,73,136
1260820,73,136
368360,73,136
2398450,73,136
3022060,73,136
394290,73,136
1898680,73,136
2092620,73,136
824600,73,136
1205560,73,136
1668290,73,136
1763050,73,136
625910,73,136
671330,73,136
366780,73,136
675120,73,136
844860,73,136
1723790,73,136
1063790,73,136
411400,73,136
1045340,73,136
925570,73,136
827120,73,136
790850,73,136
1254370,73,136
1895130,73,136
646270,73,136
3387080,73,136
1650980,73,136
2530420,73,136
3212530,73,136
352700,73,136
2093150,73,136
1913870,73,136
792810,73,136
2202590,73,136
268220,73,136
3267430,73,136
547540,73,136
2080820,73,136
2859200,73,136
699390,73,136
3533730,73,136
267830,73,136
1669280,73,136
1291390,73,136
898720,73,136
930640,73,136
929670,73,136
1213700,73,136
773370,73,136
3126980,73,136
1969150,73,136
2437750,73,136
1427860,73,136
3382170,73,136
1086410,73,136
1210250,73,136
2610720,73,136
3362320,73,136
388490,73,136
658970,73,136
646060,73,136
489660,73,136
2008980,73,136
449160,73,136
584280,73,136
1140440,73,136
975290,73,136
574920,73,136
1054600,73,136
1839660,73,136
336130,73,136
2398490,73,136
1374480,73,136
231040,73,136
1711480,73,136
741320,73,136
3090790,73,136
978460,73,136
17510,73,136
500150,73,136
936820,73,136
1182310,73,136
1391530,73,136
838540,73,136
456120,73,136
610210,73,136
659500,73,136
687630,73,136
1816140,73,136
80350,73,136
523780,73,136
1536620,73,136
2403340,73,136
879160,73,136
7400,74,1
1119700,75,48
3001070,75,48
353640,75,48
1674530,75,48
2206350,75,48
73190,75,48
273070,75,48
765810,75,48
344850,75,48
262280,75,48
698640,75,48
464880,75,48
370870,75,48
466860,75,48
591460,75,48
1062830,75,48
287580,75,48
1075740,75,48
677340,75,48
835650,75,48
252450,75,48
65730,75,48
225420,75,48
998740,75,48
963870,75,48
1394930,75,48
2183910,75,48
600480,75,48
1134100,75,48
205530,75,48
455980,75,48
208520,75,48
484900,75,48
219520,75,48
205610,75,48
245470,75,48
628200,75,48
1713810,75,48
233030,75,48
427250,75,48
73010,75,48
1128260,75,48
501080,75,48
622720,75,48
205990,75,48
633460,75,48
495560,75,48
286280,75,48
364690,76,6
898460,76,6
2115390,76,6
2967250,76,6
326270,76,6
2641750,76,6
3450210,77,1
42870,78,141
400980,78,141
2820130,78,141
1904650,78,141
3587400,78,141
2945540,78,141
34000,78,141
465940,78,141
1145560,78,141
2959400,78,141
455400,78,141
3488860,78,141
351590,78,141
1981140,78,141
1100760,78,141
1926580,78,141
24760,78,141
3694220,78,141
3000350,78,141
1061490,78,141
393100,78,141
2377240,78,141
317740,78,141
2916170,78,141
2916180,78,141
2812610,78,141
3535380,78,141
1850270,78,141
1122240,78,141
2820110,78,141
1241170,78,141
453670,78,141
2414340,78,141
24500,78,141
243380,78,141
302120,78,141
2702080,78,141
2140690,78,141
2820140,78,141
8630,78,141
1771690,78,141
2069640,78,141
1101580,78,141
275440,78,141
351660,78,141
34650,78,141
450140,78,141
351840,78,141
2245910,78,141
2497930,78,141
1314630,78,141
313220,78,141
1399670,78,141
280440,78,141
2430930,78,141
291540,78,141
2139300,78,141
1890860,78,141
1963720,78,141
1429150,78,141
400850,78,141
212370,78,141
2141770,78,141
1027130,78,141
3498810,78,141
1995770,78,141
1292180,78,141
619330,78,141
2190140,78,141
249380,78,141
1890880,78,141
2348100,78,141
1356180,78,141
362420,78,141
383040,78,141
2945280,78,141
2441570,78,141
3014550,78,141
3494510,78,141
1447310,78,141
367540,78,141
2916210,78,141
91310,78,141
3499150,78,141
261070,78,141
3161800,78,141
455630,78,141
556450,78,141
42640,78,141
441920,78,141
244350,78,141
212240,78,141
1948160,78,141
2916220,78,141
748970,78,141
367940,78,141
2098090,78,141
679520,78,141
329630,78,141
2157360,78,141
1754290,78,141
2738040,78,141
426610,78,141
2916200,78,141
3425340,78,141
1903970,78,141
2282680,78,141
1198630,78,141
1255040,78,141
287680,78,141
3197110,78,141
315970,78,141
2104650,78,141
2793240,78,141
42160,78,141
1263520,78,141
247830,78,141
2429020,78,141
1792080,78,141
41010,78,141
2916190,78,141
3122890,78,141
3596260,78,141
2529080,78,141
2957290,78,141
3473600,78,141
2978540,78,141
305190,78,141
330970,78,141
1688740,78,141
2101520,78,141
41220,78,141
1191290,78,141
41210,78,141
2013570,78,141
540160,78,141
670370,78,141
92250,78,141
337460,78,141
71310,78,141
675610,78,141
2249160,79,14
2547750,79,14
1111810,79,14
363620,79,14
391860,79,14
12690,79,14
531130,79,14
279830,79,14
2360260,79,14
931310,79,14
362780,79,14
748300,79,14
514170,79,14
1554220,79,14
354270,80,1
448470,81,117
1174380,81,117
394160,81,117
612810,81,117
424950,81,117
938310,81,117
3516150,81,117
349970,81,117
3301040,81,117
655780,81,117
2961330,81,117
1026070,81,117
2345220,81,117
2624280,81,117
1868000,81,117
493480,81,117
951570,81,117
3163110,81,117
12710,81,117
3582710,81,117
1357830,81,117
286080,81,117
1143740,81,117
403410,81,117
1394960,81,117
3130500,81,117
1667700,81,117
2084640,81,117
559250,81,117
1783110,81,117
401800,81,117
2156430,81,117
1968650,81,117
2738990,81,117
1174320,81,117
2853160,81,117
1802870,81,117
809020,81,117
2172320,81,117
1223020,81,117
1720780,81,117
11450,81,117
1800940,81,117
3414600,81,117
1372770,81,117
512460,81,117
1565140,81,117
1027830,81,117
396800,81,117
216670,81,117
783590,81,117
403430,81,117
2175210,81,117
2394070,81,117
542870,81,117
263540,81,117
12810,81,117
496120,81,117
597200,81,117
1916310,81,117
2404390,81,117
2103620,81,117
1057430,81,117
465440,81,117
248330,81,117
991790,81,117
242110,81,117
2849680,81,117
431940,81,117
1207780,81,117
1333800,81,117
1681600,81,117
2754690,81,117
386690,81,117
557410,81,117
2438680,81,117
599430,81,117
1285060,81,117
1939160,81,117
690080,81,117
1008010,81,117
932970,81,117
1089820,81,117
2121980,81,117
545960,81,117
2862870,81,117
1106690,81,117
1967220,81,117
683780,81,117
352070,81,117
345150,81,117
580040,81,117
1942110,81,117
1460250,81,117
2668050,81,117
250420,81,117
360640,81,117
1590320,81,117
341750,81,117
987980,81,117
1975520,81,117
650710,81,117
1517850,81,117
575490,81,117
1797490,81,117
2238710,81,117
1059980,81,117
2837600,81,117
536950,81,117
444770,81,117
522230,81,117
773870,81,117
1480480,81,117
2892310,81,117
686770,81,117
589080,81,117
1045110,81,117
2067790,82,143
312840,82,143
486720,82,143
2584240,82,143
1248980,82,143
549160,82,143
2996270,82,143
461430,82,143
244070,82,143
455200,82,143
339030,82,143
624120,82,143
317150,82,143
1017480,82,143
305800,82,143
245950,82,143
2001070,82,143
3062380,82,143
591930,82,143
1634950,82,143
2887910,82,143
1888660,82,143
906110,82,143
2479320,82,143
1504570,82,143
9310,82,143
1279600,82,143
3325970,82,143
335000,82,143
3269890,82,143
2285890,82,143
2166470,82,143
1112400,82,143
1237220,82,143
619610,82,143
2976400,82,143
2095450,82,143
2553710,82,143
748040,82,143
3235040,82,143
2688570,82,143
703320,82,143
33320,82,143
245970,82,143
460810,82,143
982300,82,143
2389570,82,143
370240,82,143
838270,82,143
668010,82,143
761170,82,143
202530,82,143
383100,82,143
760410,82,143
224160,82,143
4770,82,143
793670,82,143
2182420,82,143
1837480,82,143
886300,82,143
1341280,82,143
2499520,82,143
1240730,82,143
7650,82,143
211160,82,143
504750,82,143
260230,82,143
758530,82,143
384200,82,143
310970,82,143
1048560,82,143
15200,82,143
273350,82,143
40400,82,143
33460,82,143
1081540,82,143
1342740,82,143
15120,82,143
764370,82,143
2073220,82,143
330830,82,143
2022670,82,143
2706370,82,143
872820,82,143
449320,82,143
2971440,82,143
761910,82,143
2215260,82,143
2026870,82,143
2824590,82,143
15390,82,143
349680,82,143
1239050,82,143
316410,82,143
564040,82,143
696580,82,143
2061150,82,143
2444350,82,143
815780,82,143
434050,82,143
2497110,82,143
2118810,82,143
2141320,82,143
252870,82,143
408250,82,143
2897560,82,143
2245700,82,143
599600,82,143
1775270,82,143
385730,82,143
2448980,82,143
780150,82,143
45100,82,143
3515950,82,143
2330870,82,143
2827810,82,143
398250,82,143
2971900,82,143
319140,82,143
34010,82,143
1269060,82,143
1489380,82,143
2902000,82,143
454720,82,143
898800,82,143
238910,82,143
2308360,82,143
1261090,82,143
2324650,82,143
212010,82,143
1712840,82,143
1048290,82,143
712180,82,143
238750,82,143
1026990,82,143
713230,82,143
2556990,82,143
842270,82,143
227600,82,143
1424270,82,143
908100,82,143
1311250,82,143
4720,82,143
435030,83,160
878150,83,160
2961460,83,160
875310,83,160
1188990,83,160
15900,83,160
2058150,83,160
721080,83,160
386460,83,160
1916340,83,160
338060,83,160
275810,83,160
2289080,83,160
1114650,83,160
1301480,83,160
1728680,83,160
2809040,83,160
921780,83,160
703510,83,160
2406000,83,160
212030,83,160
2551170,83,160
544700,83,160
2318830,83,160
540610,83,160
945100,83,160
1274300,83,160
1786010,83,160
835690,83,160
32120,83,160
2800,83,160
223000,83,160
2055220,83,160
2281360,83,160
1238280,83,160
1019940,83,160
611160,83,160
1754460,83,160
15970,83,160
818150,83,160
2552850,83,160
1047020,83,160
3052300,83,160
664850,83,160
3317110,83,160
938520,83,160
405680,83,160
1576240,83,160
208620,83,160
773310,83,160
1545820,83,160
204440,83,160
60340,83,160
3246900,83,160
1186580,83,160
3383440,83,160
32110,83,160
220780,83,160
2004320,83,160
405290,83,160
2960770,83,160
3021230,83,160
953330,83,160
737980,83,160
3018410,83,160
2545740,83,160
463060,83,160
612280,83,160
733550,83,160
1290880,83,160
1422290,83,160
2410260,83,160
2528140,83,160
3070500,83,160
1424980,83,160
2608050,83,160
282680,83,160
2059790,83,160
1078920,83,160
3195160,83,160
469890,83,160
2377970,83,160
2809790,83,160
1840660,83,160
45400,83,160
1728690,83,160
1261760,83,160
2845630,83,160
2644010,83,160
2403320,83,160
3014150,83,160
660880,83,160
3413590,83,160
2380090,83,160
55040,83,160
2546970,83,160
3604550,83,160
599750,83,160
448690,83,160
950860,83,160
356420,83,160
646330,83,160
3435260,83,160
2342920,83,160
2178070,83,160
2729360,83,160
2622740,83,160
379960,83,160
412760,83,160
3040390,83,160
1743710,83,160
2055050,83,160
392950,83,160
3511120,83,160
2833080,83,160
2118370,83,160
275830,83,160
2410180,83,160
268990,83,160
433000,83,160
1631210,83,160
950740,83,160
1661130,83,160
1483570,83,160
483330,83,160
201310,83,160
235920,83,160
1348300,83,160
619910,83,160
1044050,83,160
326220,83,160
3156590,83,160
372930,83,160
1005900,83,160
1789650,83,160
270230,83,160
2230820,83,160
1437400,83,160
3517160,83,160
630830,83,160
1075370,83,160
990260,83,160
722920,83,160
392970,83,160
556540,83,160
1320550,83,160
2731640,83,160
856060,83,160
578430,83,160
1269300,83,160
2363590,83,160
846700,83,160
2242100,83,160
1687550,83,160
344860,83,160
383690,83,160
2626530,83,160
1892640,83,160
915200,83,160
377450,83,160
1254530,84,4
2497430,84,4
1386950,84,4
1460200,84,4
534560,85,66
3298150,85,66
2853840,85,66
1005310,85,66
1503850,85,66
1358140,85,66
1914060,85,66
1375930,85,66
615610,85,66
2655010,85,66
1285020,85,66
2153050,85,66
3307200,85,66
3008190,85,66
1083650,85,66
798610,85,66
1120950,85,66
2163590,85,66
362980,85,66
3024540,85,66
535000,85,66
414620,85,66
665360,85,66
1126470,85,66
2336200,85,66
3009830,85,66
1610700,85,66
560710,85,66
2455340,85,66
502770,85,66
1606300,85,66
1425120,85,66
3361340,85,66
261220,85,66
886070,85,66
2249750,85,66
567280,85,66
1813130,85,66
1543750,85,66
640310,85,66
918670,85,66
1103100,85,66
2312520,85,66
2820590,85,66
744260,85,66
1543240,85,66
1532920,85,66
3153360,85,66
702310,85,66
2285630,85,66
376550,85,66
1514930,85,66
1160920,85,66
2413210,85,66
2417850,85,66
2317950,85,66
2295070,85,66
1764240,85,66
993780,85,66
658870,85,66
603350,85,66
1944780,85,66
1722020,85,66
1700680,85,66
2089980,85,66
2401460,85,66
3059750,86,107
2062930,86,107
2594640,86,107
1926520,86,107
2468990,86,107
221020,86,107
1886120,86,107
314950,86,107
250340,86,107
1480370,86,107
3482840,86,107
346650,86,107
278360,86,107
2861150,86,107
3408620,86,107
509540,86,107
1132710,86,107
2282020,86,107
270630,86,107
3432530,86,107
585900,86,107
2447310,86,107
2142540,86,107
602480,86,107
1146100,86,107
1996010,86,107
857740,86,107
799590,86,107
705120,86,107
2782400,86,107
345460,86,107
1037840,86,107
1565890,86,107
3167180,86,107
1830720,86,107
3758470,86,107
2959530,86,107
1899830,86,107
1285010,86,107
3163790,86,107
3462440,86,107
274900,86,107
909380,86,107
581920,86,107
670280,86,107
1253580,86,107
2726890,86,107
798840,86,107
597240,86,107
2920360,86,107
737490,86,107
2824660,86,107
621970,86,107
978980,86,107
2488510,86,107
2775000,86,107
359510,86,107
1695680,86,107
323730,86,107
1441550,86,107
1502110,86,107
2140650,86,107
324310,86,107
517130,86,107
426000,86,107
2418120,86,107
559310,86,107
703030,86,107
2366060,86,107
752200,86,107
2794860,86,107
2697200,86,107
1915380,86,107
1819570,86,107
932420,86,107
2175250,86,107
1898290,86,107
446880,86,107
1185270,86,107
2828960,86,107
1468160,86,107
1177970,86,107
3160400,86,107
348560,86,107
1925560,86,107
3110490,86,107
1958390,86,107
3064420,86,107
1105130,86,107
1492360,86,107
927250,86,107
2675630,86,107
615670,86,107
500090,86,107
355550,86,107
2799690,86,107
891480,86,107
1164250,86,107
2308300,86,107
639320,86,107
2124930,86,107
1576720,86,107
957080,86,107
3228180,86,107
2976720,86,107
2311680,86,107
3153610,86,107
3295540,87,1
239760,88,1
2285940,89,65
1856030,89,65
629030,89,65
576770,89,65
2292650,89,65
362150,89,65
1934040,89,65
1245250,89,65
450860,89,65
434920,89,65
333880,89,65
357100,89,65
1136020,89,65
366710,89,65
952290,89,65
548710,89,65
1349040,89,65
1933840,89,65
1841250,89,65
676500,89,65
1008140,89,65
1682050,89,65
607030,89,65
1546860,89,65
2744880,89,65
1472660,89,65
1198730,89,65
1974220,89,65
362130,89,65
461730,89,65
368510,89,65
1931990,89,65
395170,89,65
2441120,89,65
2389930,89,65
1696220,89,65
519200,89,65
1330190,89,65
545800,89,65
1164310,89,65
1676910,89,65
2671210,89,65
1014180,89,65
1802190,89,65
860400,89,65
1249130,89,65
632200,89,65
1577160,89,65
3073350,89,65
928610,89,65
285800,89,65
1999170,89,65
556870,89,65
3282670,89,65
404930,89,65
618470,89,65
3612390,89,65
545410,89,65
3112730,89,65
1566060,89,65
1861970,89,65
1751000,89,65
2882870,89,65
258890,89,65
673450,89,65
284050,90,3
201280,90,3
1262060,90,3
31810,91,172
790600,91,172
2021130,91,172
233150,91,172
4260,91,172
571340,91,172
1601280,91,172
1071220,91,172
1054370,91,172
2653790,91,172
575970,91,172
31830,91,172
2240790,91,172
1834500,91,172
2824230,91,172
2919560,91,172
3663290,91,172
249330,91,172
416840,91,172
315610,91,172
706880,91,172
953740,91,172
605920,91,172
33100,91,172
210230,91,172
553310,91,172
486150,91,172
262120,91,172
200080,91,172
667220,91,172
31850,91,172
251370,91,172
642840,91,172
660070,91,172
298180,91,172
33120,91,172
1110100,91,172
294160,91,172
552230,91,172
360250,91,172
261180,91,172
1926590,91,172
453300,91,172
1007400,91,172
2178370,91,172
2086850,91,172
372820,91,172
951530,91,172
713650,91,172
752470,91,172
212800,91,172
2676820,91,172
1226510,91,172
31940,91,172
356460,91,172
719470,91,172
580540,91,172
3088250,91,172
433590,91,172
269490,91,172
31800,91,172
1043560,91,172
44660,91,172
2903560,91,172
31890,91,172
1253870,91,172
891180,91,172
1160500,91,172
1851280,91,172
615770,91,172
1566530,91,172
466910,91,172
1848520,91,172
1296360,91,172
517710,91,172
33190,91,172
572730,91,172
615780,91,172
418190,91,172
42230,91,172
661460,91,172
263620,91,172
3107080,91,172
2960320,91,172
409670,91,172
3491230,91,172
42210,91,172
2788520,91,172
437870,91,172
557810,91,172
1858530,91,172
363980,91,172
340550,91,172
31840,91,172
2217550,91,172
2166060,91,172
1184810,91,172
2303740,91,172
547360,91,172
522940,91,172
2826800,91,172
1203670,91,172
1988630,91,172
950140,91,172
947940,91,172
1144250,91,172
1781750,91,172
1074170,91,172
220420,91,172
2132840,91,172
541230,91,172
1021100,91,172
572710,91,172
1709880,91,172
681920,91,172
1192730,91,172
2466680,91,172
682370,91,172
1674340,91,172
461750,91,172
434880,91,172
226820,91,172
271760,91,172
43600,91,172
3107070,91,172
330620,91,172
368180,91,172
3007270,91,172
211010,91,172
533850,91,172
865060,91,172
1018800,91,172
31910,91,172
8640,91,172
1168170,91,172
849740,91,172
2168610,91,172
587520,91,172
2507640,91,172
463920,91,172
42220,91,172
254150,91,172
718650,91,172
42200,91,172
869120,91,172
3140620,91,172
1203890,91,172
1295940,91,172
33110,91,172
1655500,91,172
615730,91,172
963710,91,172
2101250,91,172
359440,91,172
202670,91,172
1038450,91,172
1964200,91,172
1261180,91,172
31880,91,172
2222540,91,172
8600,91,172
572700,91,172
483830,91,172
1201550,91,172
950100,91,172
658050,91,172
965680,91,172
3177210,91,172
31930,91,172
268870,91,172
929340,91,172
1862840,91,172
2289970,92,23
2026990,92,23
2248950,92,23
770090,92,23
1469280,92,23
1096590,92,23
321840,92,23
2367650,92,23
2870840,92,23
1529810,92,23
1655140,92,23
650700,92,23
734910,92,23
1245640,92,23
2357760,92,23
1881350,92,23
2240530,92,23
1412170,92,23
1428900,92,23
2219470,92,23
3224960,92,23
974150,92,23
507520,92,23
2258290,93,149
330580,93,149
411060,93,149
307900,93,149
1338840,93,149
1128000,93,149
771410,93,149
1058350,93,149
785760,93,149
822550,93,149
2254000,93,149
2320010,93,149
1642890,93,149
410770,93,149
1571960,93,149
2819420,93,149
1260390,93,149
411530,93,149
664120,93,149
2691350,93,149
1049280,93,149
1035930,93,149
2583300,93,149
646680,93,149
356730,93,149
711660,93,149
458490,93,149
1842730,93,149
873280,93,149
601930,93,149
2013730,93,149
2540230,93,149
670090,93,149
801550,93,149
2127010,93,149
2124620,93,149
815390,93,149
306480,93,149
1097810,93,149
668680,93,149
612380,93,149
304350,93,149
868260,93,149
40720,93,149
972850,93,149
931430,93,149
1111030,93,149
1132760,93,149
573750,93,149
1086640,93,149
2050510,93,149
573670,93,149
2492030,93,149
296870,93,149
2096510,93,149
2635340,93,149
489080,93,149
3220730,93,149
1060300,93,149
1736630,93,149
2367560,93,149
2994240,93,149
2194590,93,149
32150,93,149
1579260,93,149
1267210,93,149
2639380,93,149
305070,93,149
573720,93,149
2806230,93,149
1424080,93,149
307920,93,149
1694200,93,149
3142660,93,149
1290490,93,149
1269690,93,149
223220,93,149
2930160,93,149
218410,93,149
412480,93,149
1410840,93,149
2014620,93,149
1337280,93,149
1138640,93,149
2894560,93,149
881520,93,149
3072160,93,149
905100,93,149
1109160,93,149
494490,93,149
416340,93,149
1796210,93,149
2770160,93,149
2978180,93,149
223090,93,149
1290220,93,149
3422700,93,149
3478060,93,149
1337270,93,149
2512840,93,149
467220,93,149
1159520,93,149
1783960,93,149
530500,93,149
314230,93,149
418360,93,149
1245090,93,149
778260,93,149
1508460,93,149
2875110,93,149
252550,93,149
413760,93,149
1212020,93,149
1028440,93,149
2000330,93,149
573710,93,149
1173280,93,149
357600,93,149
421120,93,149
1222750,93,149
664250,93,149
816210,93,149
1186220,93,149
1139140,93,149
331920,93,149
226120,93,149
2194400,93,149
1822910,93,149
1288920,93,149
1085750,93,149
1222050,93,149
2291340,93,149
2956820,93,149
351290,93,149
3206200,93,149
1506980,93,149
1797300,93,149
310790,93,149
750330,93,149
2595490,93,149
1130990,93,149
1040630,93,149
2254030,93,149
1769980,93,149
1383150,93,149
2811860,93,149
2340890,93,149
401120,93,149
2886970,93,149
683220,94,155
731430,94,155
2102110,94,155
2161880,94,155
855010,94,155
253030,94,155
1272020,94,155
502260,94,155
24660,94,155
1626530,94,155
210170,94,155
507080,94,155
1678430,94,155
3359480,94,155
1155870,94,155
327920,94,155
2177760,94,155
339790,94,155
2019400,94,155
750470,94,155
3479320,94,155
658920,94,155
2738670,94,155
1066130,94,155
835520,94,155
2103640,94,155
2860770,94,155
2669150,94,155
3596510,94,155
615120,94,155
426720,94,155
201570,94,155
986220,94,155
466730,94,155
1140290,94,155
1320100,94,155
949960,94,155
1031460,94,155
1520680,94,155
2743040,94,155
263760,94,155
2351770,94,155
1827650,94,155
1133070,94,155
508230,94,155
271370,94,155
2146170,94,155
1053680,94,155
1053560,94,155
536920,94,155
1733170,94,155
2407310,94,155
2829320,94,155
458030,94,155
1996770,94,155
299250,94,155
622830,94,155
405820,94,155
1075080,94,155
535410,94,155
711540,94,155
868910,94,155
579120,94,155
923500,94,155
3297310,94,155
459560,94,155
2794830,94,155
2589670,94,155
384740,94,155
685240,94,155
1939970,94,155
761350,94,155
1264380,94,155
250560,94,155
2613950,94,155
271360,94,155
1442840,94,155
2066980,94,155
554750,94,155
717300,94,155
690410,94,155
1061180,94,155
347010,94,155
2094370,94,155
2881860,94,155
1626640,94,155
1105040,94,155
1697700,94,155
266110,94,155
3139620,94,155
1525050,94,155
24640,94,155
405830,94,155
602930,94,155
853770,94,155
1087810,94,155
1231840,94,155
1639730,94,155
2075930,94,155
615030,94,155
1486630,94,155
533860,94,155
683600,94,155
577320,94,155
2280350,94,155
1257210,94,155
1878740,94,155
1818570,94,155
826000,94,155
245390,94,155
1413870,94,155
2399910,94,155
615250,94,155
1509060,94,155
458510,94,155
3129370,94,155
24670,94,155
3281300,94,155
1678420,94,155
3065860,94,155
373810,94,155
2653920,94,155
1286480,94,155
3510670,94,155
574090,94,155
2333930,94,155
371190,94,155
2177750,94,155
2609320,94,155
364820,94,155
624070,94,155
1426540,94,155
426010,94,155
12640,94,155
580930,94,155
2422110,94,155
1124190,94,155
1020800,94,155
3509350,94,155
389470,94,155
579980,94,155
875080,94,155
3264410,94,155
3290670,94,155
3304670,94,155
266980,94,155
1059230,94,155
1445610,94,155
379760,94,155
574150,94,155
1063100,94,155
789200,94,155
1907590,94,155
603130,94,155
715560,94,155
1634150,95,143
919290,95,143
916290,95,143
2377370,95,143
631190,95,143
478980,95,143
477200,95,143
1828360,95,143
614630,95,143
2143680,95,143
296710,95,143
703980,95,143
2868070,95,143
1899060,95,143
1972550,95,143
1843470,95,143
846200,95,143
2286770,95,143
2514640,95,143
1740150,95,143
1592170,95,143
2295520,95,143
94400,95,143
2671230,95,143
2590260,95,143
1266430,95,143
373770,95,143
1772830,95,143
622040,95,143
204530,95,143
944080,95,143
1623210,95,143
2788040,95,143
586930,95,143
1861290,95,143
1247460,95,143
2241380,95,143
1426120,95,143
246760,95,143
1038740,95,143
2502650,95,143
851100,95,143
1157960,95,143
278970,95,143
2403290,95,143
1250760,95,143
3510600,95,143
2757490,95,143
464080,95,143
1510770,95,143
2442410,95,143
383460,95,143
1997470,95,143
527340,95,143
1818180,95,143
357300,95,143
1203630,95,143
237470,95,143
840010,95,143
279720,95,143
1023280,95,143
291860,95,143
3499580,95,143
659040,95,143
914020,95,143
699160,95,143
2083160,95,143
256030,95,143
795950,95,143
425040,95,143
670500,95,143
216890,95,143
1214470,95,143
936210,95,143
1420060,95,143
1528010,95,143
1031480,95,143
995230,95,143
532950,95,143
447190,95,143
465000,95,143
1757610,95,143
499180,95,143
337960,95,143
471810,95,143
2428440,95,143
2924170,95,143
272230,95,143
1115020,95,143
495880,95,143
1735950,95,143
1611070,95,143
1335560,95,143
1856740,95,143
2663950,95,143
1714050,95,143
733710,95,143
843200,95,143
843170,95,143
837280,95,143
1421290,95,143
346180,95,143
552900,95,143
415010,95,143
2215910,95,143
2423710,95,143
346470,95,143
1377360,95,143
364200,95,143
1975360,95,143
2352790,95,143
3279120,95,143
844930,95,143
1732800,95,143
2103070,95,143
412210,95,143
746420,95,143
498980,95,143
2449810,95,143
1597220,95,143
3469850,95,143
2118500,95,143
58520,95,143
3469870,95,143
2600570,95,143
1939790,95,143
439730,95,143
562310,95,143
1637730,95,143
2555320,95,143
448620,95,143
227220,95,143
1727550,95,143
1840440,95,143
580720,95,143
1232570,95,143
1619230,95,143
447200,95,143
2395810,95,143
207100,95,143
2545640,95,143
3227760,95,143
1729790,95,143
1361680,96,51
490220,96,51
529180,96,51
1029500,96,51
1963210,96,51
515260,96,51
497640,96,51
1706340,96,51
2213120,96,51
338420,96,51
1890740,96,51
3253630,96,51
3074340,96,51
2614400,96,51
814660,96,51
587860,96,51
2138090,96,51
1931690,96,51
2402310,96,51
2493620,96,51
1607130,96,51
842180,96,51
743870,96,51
2193070,96,51
2085970,96,51
1731720,96,51
1571170,96,51
350070,96,51
1909420,96,51
2301510,96,51
1070580,96,51
388800,96,51
3445580,96,51
3057290,96,51
1812370,96,51
1034910,96,51
1434540,96,51
350400,96,51
1702180,96,51
380140,96,51
976010,96,51
2852980,96,51
1456200,96,51
1754860,96,51
1801230,96,51
2000100,96,51
1328530,96,51
1099640,96,51
1435990,96,51
449450,96,51
1552620,96,51
1131190,97,115
1170880,97,115
1422610,97,115
1997680,97,115
2158500,97,115
3433030,97,115
1659050,97,115
2263010,97,115
2022330,97,115
2211280,97,115
1094030,97,115
2302540,97,115
1860570,97,115
2473980,97,115
1554790,97,115
3364880,97,115
768840,97,115
1481400,97,115
2171690,97,115
3001970,97,115
879250,97,115
2647300,97,115
382260,97,115
2410490,97,115
2678280,97,115
2135690,97,115
426290,97,115
810230,97,115
1416130,97,115
3192360,97,115
436520,97,115
872700,97,115
1159660,97,115
1194740,97,115
757240,97,115
2771670,97,115
2472840,97,115
1999520,97,115
2220360,97,115
2066550,97,115
1490190,97,115
1698960,97,115
742500,97,115
2393890,97,115
1592680,97,115
3080240,97,115
2987860,97,115
2587450,97,115
1216200,97,115
3070330,97,115
2560050,97,115
1092150,97,115
2273550,97,115
2143340,97,115
314010,97,115
979080,97,115
2542450,97,115
2186570,97,115
2788960,97,115
1999530,97,115
2262970,97,115
679300,97,115
335820,97,115
1258040,97,115
390560,97,115
1465710,97,115
1713610,97,115
2160000,97,115
862690,97,115
429300,97,115
2933990,97,115
1506600,97,115
1026820,97,115
2678990,97,115
648390,97,115
577940,97,115
2907010,97,115
1630080,97,115
215830,97,115
251450,97,115
1342630,97,115
213650,97,115
2692570,97,115
436180,97,115
382490,97,115
667160,97,115
354240,97,115
2313250,97,115
1046470,97,115
1121710,97,115
2368470,97,115
2224920,97,115
612620,97,115
1233410,97,115
308600,97,115
360620,97,115
1786950,97,115
314430,97,115
392020,97,115
2348120,97,115
2776860,97,115
397040,97,115
557890,97,115
515230,97,115
1338420,97,115
891220,97,115
2796550,97,115
638490,97,115
1077160,97,115
1442670,97,115
1104930,97,115
2110110,97,115
2776500,97,115
1507410,97,115
1386040,97,115
1525410,98,97
2480560,98,97
509580,98,97
1380650,98,97
1660840,98,97
307670,98,97
1116880,98,97
327670,98,97
497800,98,97
1639080,98,97
921800,98,97
451020,98,97
340490,98,97
817540,98,97
1109570,98,97
1668690,98,97
2251620,98,97
1361180,98,97
909660,98,97
1152340,98,97
887490,98,97
1722870,98,97
1681840,98,97
837610,98,97
2468100,98,97
1703590,98,97
1140270,98,97
1127700,98,97
378720,98,97
1093290,98,97
486310,98,97
1824580,98,97
2727210,98,97
1227280,98,97
237990,98,97
244710,98,97
1993150,98,97
681730,98,97
1922960,98,97
431280,98,97
2715370,98,97
553540,98,97
978520,98,97
1069530,98,97
218740,98,97
1424710,98,97
617480,98,97
490080,98,97
594130,98,97
474210,98,97
1496250,98,97
318230,98,97
606230,98,97
1138660,98,97
1276400,98,97
761030,98,97
1812910,98,97
1309710,98,97
272270,98,97
429620,98,97
1866980,98,97
2340650,98,97
288120,98,97
445190,98,97
290790,98,97
1533590,98,97
1394130,98,97
551860,98,97
832770,98,97
908060,98,97
650440,98,97
409450,98,97
1535100,98,97
1559390,98,97
245050,98,97
2417870,98,97
522470,98,97
995980,98,97
1847150,98,97
770200,98,97
836760,98,97
1608450,98,97
699330,98,97
2536960,98,97
1075190,98,97
2560500,98,97
2746910,98,97
1571100,98,97
2954120,98,97
253920,98,97
1638390,98,97
296970,98,97
260130,98,97
501130,98,97
469720,98,97
39550,98,97
1139940,98,97
1580800,99,48
2358370,99,48
2195410,99,48
458430,99,48
1885660,99,48
429810,99,48
1449320,99,48
1619520,99,48
22120,99,48
2187920,99,48
2977520,99,48
931280,99,48
573120,99,48
2397250,99,48
1716310,99,48
1306720,99,48
2421600,99,48
1178420,99,48
804010,99,48
1550730,99,48
1832040,99,48
1827050,99,48
1101360,99,48
1433860,99,48
1419160,99,48
1037020,99,48
1199570,99,48
1474740,99,48
22180,99,48
1375900,99,48
2527390,99,48
374900,99,48
298630,99,48
787810,99,48
1430680,99,48
1240340,99,48
1370050,99,48
1714900,99,48
1636660,99,48
1175460,99,48
691830,99,48
1237040,99,48
239200,99,48
865680,99,48
1519590,99,48
1663040,99,48
1402110,99,48
1573720,99,48
365450,100,209
1324220,100,209
858260,100,209
428550,100,209
376300,100,209
569860,100,209
837460,100,209
113020,100,209
1345820,100,209
846470,100,209
1426010,100,209
1581480,100,209
1579380,100,209
102610,100,209
981430,100,209
2420660,100,209
552590,100,209
1484280,100,209
1627570,100,209
1919470,100,209
1079800,100,209
900270,100,209
1229380,100,209
485460,100,209
916730,100,209
1330470,100,209
1561340,100,209
530320,100,209
1046400,100,209
92800,100,209
2687970,100,209
356650,100,209
397060,100,209
555220,100,209
2305500,100,209
95400,100,209
562860,100,209
462770,100,209
2231190,100,209
1220100,100,209
2262290,100,209
332200,100,209
2600140,100,209
1221250,100,209
1000010,100,209
324140,100,209
505640,100,209
215160,100,209
2442460,100,209
2386310,100,209
98200,100,209
1633340,100,209
377860,100,209
1373960,100,209
1082710,100,209
2401410,100,209
594330,100,209
206190,100,209
716500,100,209
795420,100,209
1080750,100,209
785790,100,209
1171320,100,209
35130,100,209
1893810,100,209
1580180,100,209
253110,100,209
1240060,100,209
434660,100,209
207690,100,209
2545360,100,209
488920,100,209
446810,100,209
1276800,100,209
1111380,100,209
466300,100,209
1456760,100,209
1098770,100,209
1395030,100,209
1059990,100,209
1410640,100,209
1977170,100,209
279940,100,209
874260,100,209
1229580,100,209
243970,100,209
316790,100,209
1815570,100,209
3385670,100,209
1240210,100,209
3512530,100,209
8850,100,209
1747050,100,209
780350,100,209
1499120,100,209
314660,100,209
237930,100,209
1924360,100,209
1328350,100,209
469790,100,209
1676130,100,209
1414250,100,209
1309950,100,209
380,100,209
1206060,100,209
1138850,100,209
1123450,100,209
1976950,100,209
65300,100,209
1346020,100,209
2524440,100,209
33610,100,209
519860,100,209
1233070,100,209
917840,100,209
1029210,100,209
322680,100,209
1137350,100,209
525620,100,209
1456880,100,209
1340480,100,209
22150,100,209
22010,100,209
416600,100,209
846870,100,209
1691190,100,209
2378620,100,209
1532710,100,209
737520,100,209
226620,100,209
512790,100,209
600130,100,209
2312670,100,209
1747760,100,209
1504500,100,209
857980,100,209
1226670,100,209
1347970,100,209
673130,100,209
534290,100,209
248310,100,209
1269330,100,209
1038370,100,209
35720,100,209
2324590,100,209
553640,100,209
596970,100,209
600370,100,209
964800,100,209
1812090,100,209
201790,100,209
1783360,100,209
1249200,100,209
1601150,100,209
607050,100,209
583470,100,209
2079180,100,209
733110,100,209
1634080,100,209
960690,100,209
1364100,100,209
1887400,100,209
1647920,100,209
866140,100,209
1062110,100,209
1227650,100,209
496620,100,209
35700,100,209
1928690,100,209
1727180,100,209
232430,100,209
346940,100,209
2922410,100,209
396900,100,209
956030,100,209
375440,100,209
214770,100,209
2051430,100,209
1425350,100,209
1147550,100,209
363440,100,209
342180,100,209
1047220,100,209
2005120,100,209
248610,100,209
25800,100,209
356400,100,209
2238040,100,209
473950,100,209
420,100,209
397190,100,209
224760,100,209
2544110,100,209
2709040,100,209
2312770,100,209
107100,100,209
2510710,100,209
572410,100,209
1712350,100,209
1627840,100,209
337340,100,209
858710,100,209
2921660,100,209
2111190,100,209
230700,100,209
1123050,100,209
336140,100,209
1203710,100,209
829280,100,209
2582650,101,12
1078330,101,12
1621680,101,12
1708150,101,12
1545290,101,12
1156730,101,12
1836420,101,12
1279630,101,12
3394710,101,12
1536070,101,12
311800,101,12
1536080,101,12
1582510,102,19
2142250,102,19
2142260,102,19
553760,102,19
1932160,102,19
1071140,102,19
2142230,102,19
387340,102,19
981750,102,19
2810070,102,19
2527690,102,19
285500,102,19
460120,102,19
311060,102,19
353270,102,19
425960,102,19
2535780,102,19
351710,102,19
1019630,102,19
1257850,103,125
469990,103,125
788180,103,125
2633080,103,125
346290,103,125
1513300,103,125
1359120,103,125
2274110,103,125
831450,103,125
448670,103,125
1632670,103,125
264080,103,125
275390,103,125
2378460,103,125
2075740,103,125
485760,103,125
993110,103,125
1871920,103,125
1290750,103,125
1639790,103,125
520520,103,125
1182620,103,125
433840,103,125
609110,103,125
1969310,103,125
2250080,103,125
554810,103,125
1831980,103,125
3250970,103,125
797440,103,125
1492250,103,125
2602770,103,125
1588870,103,125
347720,103,125
2379910,103,125
3455450,103,125
2523910,103,125
1285430,103,125
1286280,103,125
705240,103,125
1041840,103,125
879000,103,125
910320,103,125
2382250,103,125
2159210,103,125
1290260,103,125
588040,103,125
468180,103,125
1879640,103,125
260430,103,125
987410,103,125
773630,103,125
2486930,103,125
1582290,103,125
944110,103,125
978440,103,125
3426800,103,125
1147110,103,125
2238180,103,125
680930,103,125
1679210,103,125
453910,103,125
2502760,103,125
936980,103,125
1838970,103,125
1085260,103,125
440740,103,125
435200,103,125
371570,103,125
821790,103,125
658800,103,125
881990,103,125
979640,103,125
1300920,103,125
3250980,103,125
512770,103,125
2942050,103,125
1427890,103,125
1479140,103,125
2299740,103,125
361430,103,125
1346070,103,125
226140,103,125
3664820,103,125
2521180,103,125
2060480,103,125
468170,103,125
1131800,103,125
2865490,103,125
2714490,103,125
1038440,103,125
39530,103,125
1435310,103,125
640150,103,125
2174500,103,125
1520840,103,125
932190,103,125
2091250,103,125
359940,103,125
1657780,103,125
3141890,103,125
1985260,103,125
1098170,103,125
1615100,103,125
3337210,103,125
722960,103,125
2597260,103,125
2093610,103,125
686870,103,125
1124950,103,125
660030,103,125
533540,103,125
2397420,103,125
797310,103,125
781130,103,125
365020,103,125
591750,103,125
508980,103,125
412520,103,125
1383270,103,125
913060,103,125
1479390,103,125
1967730,103,125
2420240,103,125
2336980,103,125
1743830,104,118
279140,104,118
1194930,104,118
1062000,104,118
1698350,104,118
2272400,104,118
2053700,104,118
1475460,104,118
1129570,104,118
1042380,104,118
3443620,104,118
2484130,104,118
1613470,104,118
411310,104,118
2763670,104,118
1248060,104,118
573410,104,118
1411740,104,118
1090670,104,118
549080,104,118
1729940,104,118
671440,104,118
1593780,104,118
1666160,104,118
328080,104,118
1849790,104,118
1334090,104,118
809140,104,118
427940,104,118
9850,104,118
769920,104,118
1208950,104,118
1204230,104,118
1108370,104,118
1933740,104,118
844590,104,118
1060230,104,118
1793260,104,118
316430,104,118
1138100,104,118
646500,104,118
1157220,104,118
280720,104,118
1063980,104,118
1369690,104,118
357310,104,118
2103470,104,118
1395760,104,118
827940,104,118
674500,104,118
6420,104,118
469800,104,118
290100,104,118
1702390,104,118
527100,104,118
1293460,104,118
726840,104,118
591370,104,118
693580,104,118
2392280,104,118
778010,104,118
2275940,104,118
1443590,104,118
997380,104,118
411320,104,118
782250,104,118
521150,104,118
651670,104,118
1063580,104,118
227180,104,118
648860,104,118
1133120,104,118
499660,104,118
909470,104,118
1733110,104,118
224900,104,118
954280,104,118
342310,104,118
1044210,104,118
1076750,104,118
1989070,104,118
440650,104,118
946990,104,118
1760340,104,118
2244470,104,118
2756390,104,118
651660,104,118
1976150,104,118
650220,104,118
314980,104,118
1928540,104,118
1741640,104,118
809720,104,118
2776780,104,118
1454580,104,118
1358840,104,118
1599330,104,118
625730,104,118
1069650,104,118
598330,104,118
1768280,104,118
3393750,104,118
2290000,104,118
340150,104,118
688060,104,118
284100,104,118
1521070,104,118
1262930,104,118
1158420,104,118
2337200,104,118
1145340,104,118
1522280,104,118
1287530,104,118
1133870,104,118
222750,104,118
256290,104,118
322950,104,118
2400770,104,118
241130,105,1
271710,106,1
303760,107,1
272830,108,1
391750,109,1
464140,110,12
940580,110,12
240600,110,12
1168660,110,12
3209890,110,12
2365080,110,12
3736920,110,12
2355150,110,12
400800,110,12
1389840,110,12
561600,110,12
1966350,110,12
1713920,111,1
239940,112,1
2072810,113,1
812840,114,2
3533230,114,2
272290,115,1
389950,116,1
39580,117,1
241060,118,1
1314390,119,1
80890,120,168
378200,120,168
22480,120,168
443080,120,168
12170,120,168
29110,120,168
285050,120,168
105400,120,168
1078980,120,168
254650,120,168
1703920,120,168
328260,120,168
401350,120,168
511000,120,168
354060,120,168
221000,120,168
267440,120,168
369140,120,168
265200,120,168
2192790,120,168
358850,120,168
219540,120,168
1299510,120,168
1767630,120,168
438490,120,168
881320,120,168
1670340,120,168
1844380,120,168
1145890,120,168
564380,120,168
1080500,120,168
1196330,120,168
381570,120,168
221410,120,168
24030,120,168
38040,120,168
221120,120,168
215820,120,168
269330,120,168
425690,120,168
1258590,120,168
1338040,120,168
1606070,120,168
269910,120,168
648580,120,168
295810,120,168
555440,120,168
814610,120,168
720260,120,168
295350,120,168
443050,120,168
11900,120,168
2780210,120,168
81820,120,168
381690,120,168
364610,120,168
329650,120,168
1613130,120,168
346680,120,168
220140,120,168
1636110,120,168
38830,120,168
47900,120,168
267510,120,168
422230,120,168
216570,120,168
1535470,120,168
219600,120,168
364650,120,168
282160,120,168
267570,120,168
412680,120,168
443030,120,168
21990,120,168
2239530,120,168
291210,120,168
1767600,120,168
401600,120,168
299700,120,168
1477920,120,168
1305400,120,168
1553000,120,168
49700,120,168
376890,120,168
361580,120,168
375960,120,168
12840,120,168
1724850,120,168
339010,120,168
1286450,120,168
33310,120,168
961440,120,168
221430,120,168
21910,120,168
757970,120,168
298740,120,168
421860,120,168
2581470,120,168
338720,120,168
4550,120,168
29710,120,168
507320,120,168
81890,120,168
105430,120,168
335880,120,168
2770,120,168
405230,120,168
396560,120,168
454510,120,168
1346400,120,168
48210,120,168
600160,120,168
324690,120,168
1704600,120,168
620590,120,168
37950,120,168
1414850,120,168
206980,120,168
220180,120,168
36630,120,168
2380380,120,168
266810,120,168
208320,120,168
773860,120,168
2652490,120,168
5340,120,168
50410,120,168
1026460,120,168
2760,120,168
357210,120,168
329030,120,168
296270,120,168
1069790,120,168
2718900,120,168
599680,120,168
999660,120,168
50650,120,168
267820,120,168
2264090,120,168
282350,120,168
270990,120,168
100410,120,168
2983140,120,168
1776410,120,168
364600,120,168
599110,120,168
2110,120,168
2465200,120,168
1537710,120,168
271120,120,168
417280,120,168
402370,120,168
1486740,120,168
33270,120,168
2857200,120,168
866060,120,168
965310,120,168
586130,120,168
28050,120,168
376090,120,168
971690,120,168
255480,120,168
2775600,120,168
81510,120,168
760,120,168
345000,120,168
506770,120,168
2350,120,168
1078710,121,1
39380,122,1
1741130,123,6
351870,123,6
351860,123,6
1741120,123,6
39620,123,6
1478650,123,6
1220,124,125
3210,124,125
369630,124,125
404310,124,125
1485670,124,125
980,124,125
1430110,124,125
344380,124,125
2001340,124,125
399750,124,125
1059380,124,125
43120,124,125
534300,124,125
943760,124,125
1651350,124,125
1569200,124,125
946870,124,125
72910,124,125
1546700,124,125
2613190,124,125
1430650,124,125
635640,124,125
777320,124,125
2274200,124,125
794580,124,125
292960,124,125
885170,124,125
1420710,124,125
970670,124,125
1381870,124,125
423840,124,125
233780,124,125
395210,124,125
1783190,124,125
2865530,124,125
356750,124,125
904560,124,125
241500,124,125
1546400,124,125
858460,124,125
2273260,124,125
932230,124,125
996560,124,125
1761620,124,125
765820,124,125
2400200,124,125
1641700,124,125
1300780,124,125
664400,124,125
285630,124,125
1523600,124,125
849750,124,125
700580,124,125
544270,124,125
682570,124,125
1515950,124,125
3064700,124,125
3037580,124,125
1057910,124,125
1135910,124,125
404330,124,125
861410,124,125
293010,124,125
1321750,124,125
1096570,124,125
1025440,124,125
925000,124,125
44720,124,125
702890,124,125
757300,124,125
660190,124,125
1689000,124,125
2865440,124,125
435110,124,125
200170,124,125
780590,124,125
648410,124,125
1032600,124,125
3060280,124,125
2369210,124,125
2538980,124,125
560450,124,125
1548250,124,125
3370,124,125
482850,124,125
1612770,124,125
1003890,124,125
952070,124,125
390590,124,125
401060,124,125
2613350,124,125
271240,124,125
734880,124,125
953860,124,125
278140,124,125
3630,124,125
248820,124,125
761160,124,125
991560,124,125
259280,124,125
399570,124,125
2528120,124,125
344650,124,125
1343240,124,125
931180,124,125
401040,124,125
633380,124,125
2266250,124,125
526760,124,125
3381120,124,125
1383000,124,125
1310440,124,125
537320,124,125
435890,124,125
1556100,124,125
698670,124,125
1624110,124,125
2308230,124,125
204080,124,125
404350,124,125
1351210,124,125
344790,124,125
73040,124,125
606530,124,125
739590,124,125
46430,125,13
115210,125,13
4880,125,13
10510,125,13
1266820,125,13
570780,125,13
570770,125,13
4870,125,13
11060,125,13
115200,125,13
23480,125,13
3100490,125,13
5930,125,13
240930,126,1
25870,127,1
202090,128,4
528110,128,4
201760,128,4
1361000,128,4
531930,129,24
1897650,129,24
337220,129,24
202710,129,24
2131010,129,24
314830,129,24
2945100,129,24
531920,129,24
2756120,129,24
2350550,129,24
2875090,129,24
1768780,129,24
463980,129,24
2350530,129,24
1167950,129,24
1904860,129,24
2311990,129,24
208400,129,24
2427360,129,24
2653260,129,24
3380340,129,24
930280,129,24
342860,129,24
333300,129,24
26110,130,1
241070,131,1
2882080,132,30
2285300,132,30
2875760,132,30
1507780,132,30
2207340,132,30
831660,132,30
1221010,132,30
2307310,132,30
668440,132,30
1895190,132,30
2069150,132,30
572150,132,30
2401930,132,30
526600,132,30
529600,132,30
512710,132,30
789760,132,30
2223650,132,30
1355090,132,30
2399730,132,30
1894810,132,30
596350,132,30
1104470,132,30
526150,132,30
2851150,132,30
2366880,132,30
2291070,132,30
586300,132,30
783130,132,30
1581800,132,30
2004000,133,1
2746320,134,1
3518880,135,1
3338540,136,1
3513940,137,1
1888840,138,1
303850,139,1
39130,140,1
410950,141,1
386730,142,1
60800,143,4
432440,143,4
241050,143,4
81620,143,4
2066760,144,1
80650,145,2
1254620,145,2
386620,146,56
32900,146,56
356040,146,56
4890,146,56
557040,146,56
249870,146,56
393500,146,56
3020,146,56
202750,146,56
489260,146,56
351920,146,56
11040,146,56
249650,146,56
371520,146,56
255300,146,56
224480,146,56
1072500,146,56
11150,146,56
428660,146,56
241620,146,56
1016930,146,56
447290,146,56
323720,146,56
289820,146,56
23460,146,56
11050,146,56
514150,146,56
265330,146,56
826940,146,56
388420,146,56
588160,146,56
626610,146,56
22670,146,56
395570,146,56
1119600,146,56
209630,146,56
11140,146,56
534370,146,56
279900,146,56
22680,146,56
11080,146,56
11190,146,56
46550,146,56
350640,146,56
321870,146,56
115220,146,56
314810,146,56
70600,146,56
205650,146,56
4800,146,56
325520,146,56
834800,146,56
437630,146,56
938380,146,56
363600,146,56
1132910,146,56
3232500,147,6
465280,147,6
3349480,147,6
1058320,147,6
46480,147,6
1973080,147,6
239680,148,1
1829350,149,1
200060,150,1
40000,151,1
433280,152,5
3703420,152,5
612540,152,5
612300,152,5
612520,152,5
303740,153,1
1605010,154,7
55190,154,7
11120,154,7
667720,154,7
96300,154,7
2475460,154,7
2078120,154,7
232150,155,1
2398170,156,101
1517970,156,101
2779570,156,101
1478160,156,101
1904530,156,101
2140100,156,101
503770,156,101
1904560,156,101
1992640,156,101
1253610,156,101
2344020,156,101
1272010,156,101
588110,156,101
2067350,156,101
899310,156,101
2419900,156,101
2794610,156,101
1248080,156,101
290040,156,101
2129810,156,101
1214670,156,101
818320,156,101
1968840,156,101
2608620,156,101
418670,156,101
546340,156,101
690040,156,101
1865960,156,101
817510,156,101
649950,156,101
590590,156,101
1952520,156,101
915600,156,101
267530,156,101
439190,156,101
1677670,156,101
1359650,156,101
1286990,156,101
366240,156,101
1122680,156,101
1766100,156,101
1897110,156,101
1345890,156,101
1040420,156,101
360830,156,101
1726190,156,101
739080,156,101
620130,156,101
1662480,156,101
1375400,156,101
1167680,156,101
490280,156,101
3385370,156,101
1119840,156,101
924240,156,101
452570,156,101
1367590,156,101
1068360,156,101
271260,156,101
1967600,156,101
1674640,156,101
366250,156,101
882250,156,101
1154810,156,101
438640,156,101
366260,156,101
1492680,156,101
438480,156,101
1588560,156,101
1089080,156,101
1628620,156,101
3159570,156,101
2516170,156,101
2969380,156,101
1652610,156,101
542400,156,101
1570010,156,101
2650730,156,101
574980,156,101
603930,156,101
602700,156,101
1436590,156,101
925460,156,101
1008860,156,101
718590,156,101
25000,156,101
1142390,156,101
550080,156,101
454410,156,101
625000,156,101
1993490,156,101
618970,156,101
683230,156,101
1184560,156,101
976890,156,101
1202690,156,101
252410,156,101
280180,156,101
2878600,156,101
1459010,156,101
401710,156,101
256500,157,1
3540440,158,1
3431690,159,1
438520,160,1
236530,161,1
272260,162,1
23390,163,4
201020,163,4
879510,163,4
502150,163,4
1057750,164,1
603090,165,33
212140,165,33
1070550,165,33
1231950,165,33
1189290,165,33
1549550,165,33
255280,165,33
1418760,165,33
1206430,165,33
268540,165,33
2288440,165,33
1146510,165,33
2907190,165,33
421050,165,33
613470,165,33
327220,165,33
1889040,165,33
1004370,165,33
2681910,165,33
611760,165,33
2071200,165,33
839870,165,33
2531370,165,33
377420,165,33
928830,165,33
566970,165,33
1145960,165,33
211340,165,33
1056610,165,33
563810,165,33
2060590,165,33
1276660,165,33
503650,165,33
476400,166,4
447780,166,4
447800,166,4
3018910,166,4
2419090,167,70
1848450,167,70
492500,167,70
1069740,167,70
2072640,167,70
1498740,167,70
1318240,167,70
629690,167,70
1373550,167,70
1547670,167,70
383630,167,70
1892420,167,70
719290,167,70
603000,167,70
3232040,167,70
2176790,167,70
1562420,167,70
701470,167,70
541300,167,70
292570,167,70
507010,167,70
2083240,167,70
2168260,167,70
406170,167,70
1148480,167,70
1571460,167,70
534200,167,70
496650,167,70
1047110,167,70
2102450,167,70
253430,167,70
1772910,167,70
400740,167,70
2976900,167,70
493820,167,70
1853760,167,70
366420,167,70
1144440,167,70
546090,167,70
1839060,167,70
312200,167,70
218820,167,70
448020,167,70
590970,167,70
569290,167,70
2008410,167,70
546790,167,70
1028500,167,70
353700,167,70
514620,167,70
1556490,167,70
22200,167,70
3028500,167,70
364710,167,70
2206270,167,70
546700,167,70
2216600,167,70
507400,167,70
5030,167,70
1002000,167,70
2747550,167,70
1028490,167,70
1525190,167,70
497080,167,70
2176850,167,70
522220,167,70
359840,167,70
1801850,167,70
1402120,167,70
1500940,167,70
302530,168,1
214340,169,101
496260,169,101
1506810,169,101
1555110,169,101
1605320,169,101
1049710,169,101
982290,169,101
1472930,169,101
702670,169,101
332410,169,101
1108000,169,101
465490,169,101
610120,169,101
857450,169,101
1550010,169,101
2830150,169,101
1211930,169,101
855640,169,101
743390,169,101
2839280,169,101
1730590,169,101
850320,169,101
241260,169,101
3471590,169,101
234270,169,101
1603640,169,101
491950,169,101
1813860,169,101
230820,169,101
2244200,169,101
1805130,169,101
1299620,169,101
866190,169,101
1678140,169,101
323490,169,101
2840900,169,101
598980,169,101
314790,169,101
569800,169,101
331870,169,101
1159830,169,101
1683340,169,101
1292770,169,101
1008740,169,101
2642820,169,101
2203040,169,101
465520,169,101
1949030,169,101
220740,169,101
1172450,169,101
203830,169,101
495110,169,101
959000,169,101
2440200,169,101
505730,169,101
281080,169,101
219910,169,101
2485860,169,101
464500,169,101
1902850,169,101
3016920,169,101
1099220,169,101
255320,169,101
1603180,169,101
630060,169,101
2296430,169,101
1097200,169,101
241910,169,101
370670,169,101
2432030,169,101
871280,169,101
1201440,169,101
511270,169,101
804700,169,101
2536840,169,101
1310330,169,101
1975280,169,101
2291850,169,101
696310,169,101
2088340,169,101
1217390,169,101
2157680,169,101
1903620,169,101
345610,169,101
1836160,169,101
569810,169,101
1444400,169,101
1259840,169,101
1247360,169,101
1102130,169,101
2647820,169,101
1432850,169,101
2392760,169,101
3389860,169,101
2217110,169,101
2596420,169,101
761460,169,101
568930,169,101
1174640,169,101
2119940,169,101
377720,169,101
840140,170,9
21980,170,9
433450,170,9
2884190,170,9
51040,170,9
22800,170,9
1330890,170,9
239220,170,9
347090,170,9
233250,171,1
781260,172,4
599000,172,4
493320,172,4
2066750,172,4
2694420,173,32
368370,173,32
3461780,173,32
251470,173,32
202200,173,32
1608230,173,32
2366970,173,32
214150,173,32
374190,173,32
201290,173,32
1833490,173,32
323850,173,32
1898500,173,32
80520,173,32
557600,173,32
571310,173,32
598550,173,32
384190,173,32
1971230,173,32
1000560,173,32
204120,173,32
584980,173,32
534550,173,32
501790,173,32
617830,173,32
1796220,173,32
2366980,173,32
832500,173,32
762830,173,32
393520,173,32
257850,173,32
1497440,173,32
1133110,174,1
1960850,175,1
202030,176,1
331660,177,1
257890,178,1
1088970,179,1
1139870,180,134
34190,180,134
34800,180,134
15380,180,134
310470,180,134
80460,180,134
8040,180,134
672710,180,134
406720,180,134
205810,180,134
355680,180,134
704230,180,134
12560,180,134
277450,180,134
558260,180,134
220660,180,134
3089070,180,134
39680,180,134
303800,180,134
42990,180,134
3072640,180,134
23310,180,134
314340,180,134
19510,180,134
38230,180,134
21780,180,134
7220,180,134
3598130,180,134
307230,180,134
350110,180,134
55140,180,134
12570,180,134
410990,180,134
4420,180,134
760650,180,134
370440,180,134
622370,180,134
7760,180,134
802620,180,134
1097790,180,134
465660,180,134
46770,180,134
299070,180,134
245370,180,134
34500,180,134
429680,180,134
32680,180,134
936140,180,134
308270,180,134
289360,180,134
485870,180,134
494670,180,134
209670,180,134
282010,180,134
302080,180,134
388090,180,134
361200,180,134
463170,180,134
459160,180,134
359230,180,134
15240,180,134
22310,180,134
235360,180,134
3530,180,134
39690,180,134
63960,180,134
310880,180,134
23400,180,134
237950,180,134
390090,180,134
263860,180,134
1151740,180,134
460340,180,134
359220,180,134
48110,180,134
384010,180,134
251630,180,134
21800,180,134
32500,180,134
244030,180,134
282560,180,134
277630,180,134
1216060,180,134
543900,180,134
20540,180,134
496040,180,134
293340,180,134
201510,180,134
259810,180,134
317940,180,134
326160,180,134
25910,180,134
822990,180,134
47700,180,134
537430,180,134
200020,180,134
521090,180,134
2840,180,134
224740,180,134
408760,180,134
17140,180,134
298260,180,134
65740,180,134
1045610,180,134
287020,180,134
286750,180,134
6210,180,134
391030,180,134
243450,180,134
376140,180,134
454520,180,134
282030,180,134
235320,180,134
16730,180,134
18480,180,134
7660,180,134
1059900,180,134
22500,180,134
3600,180,134
525920,180,134
514140,180,134
39660,180,134
8060,180,134
1690,180,134
867290,180,134
57730,180,134
929010,180,134
10220,180,134
250380,180,134
251990,180,134
7730,180,134
20200,180,134
282210,180,134
206760,180,134
236830,181,1
639730,182,2
3221690,182,2
1087390,183,1
1291010,184,115
511470,184,115
2858150,184,115
3453980,184,115
1357610,184,115
1620890,184,115
434460,184,115
1734280,184,115
1578220,184,115
1539140,184,115
2453610,184,115
2154650,184,115
385530,184,115
1129250,184,115
2652000,184,115
2181470,184,115
1485690,184,115
2988080,184,115
1005240,184,115
1439770,184,115
1060670,184,115
1974290,184,115
392940,184,115
1787960,184,115
2964540,184,115
562360,184,115
1515260,184,115
1956600,184,115
1930640,184,115
305940,184,115
2081080,184,115
951430,184,115
2086680,184,115
1177380,184,115
1615060,184,115
3249680,184,115
2744010,184,115
1911860,184,115
1385100,184,115
1453490,184,115
1109680,184,115
851810,184,115
603440,184,115
3493560,184,115
1263370,184,115
1058200,184,115
834740,184,115
3237710,184,115
2455370,184,115
2707110,184,115
1100260,184,115
865540,184,115
1658830,184,115
3033660,184,115
2948640,184,115
1153430,184,115
1667400,184,115
1597730,184,115
1146970,184,115
3095170,184,115
1817940,184,115
363930,184,115
545590,184,115
397460,184,115
1273220,184,115
2122090,184,115
957960,184,115
1229900,184,115
699920,184,115
2337860,184,115
2376170,184,115
860020,184,115
1705140,184,115
529420,184,115
1124260,184,115
1964040,184,115
996770,184,115
1590750,184,115
830590,184,115
1400910,184,115
453690,184,115
795160,184,115
2095950,184,115
998930,184,115
2886550,184,115
2244880,184,115
536890,184,115
873490,184,115
1990740,184,115
1126290,184,115
1561960,184,115
348240,184,115
337150,184,115
1590760,184,115
1354830,184,115
1283230,184,115
619150,184,115
584100,184,115
817840,184,115
351510,184,115
1036910,184,115
1000030,184,115
1207270,184,115
2022930,184,115
1709900,184,115
1432910,184,115
1129310,184,115
1369340,184,115
1801650,184,115
1334590,184,115
939620,184,115
247020,184,115
1730250,184,115
1392340,184,115
1313900,184,115
2533960,185,14
2659900,185,14
403100,185,14
2552310,185,14
338960,185,14
566940,185,14
1021690,185,14
637930,185,14
338980,185,14
2125540,185,14
475620,185,14
715240,185,14
2718440,185,14
381600,185,14
1757580,186,69
496680,186,69
1134480,186,69
1644500,186,69
643960,186,69
437430,186,69
1788890,186,69
442070,186,69
1928090,186,69
2345020,186,69
406160,186,69
1428520,186,69
473520,186,69
448080,186,69
386700,186,69
2826440,186,69
2673520,186,69
1690920,186,69
612570,186,69
2229920,186,69
638200,186,69
338800,186,69
1755580,186,69
328850,186,69
911430,186,69
1937110,186,69
1633370,186,69
331670,186,69
1823710,186,69
2741390,186,69
496980,186,69
1871480,186,69
3380740,186,69
2935400,186,69
1902870,186,69
754120,186,69
2009690,186,69
410480,186,69
1921780,186,69
1111940,186,69
3088040,186,69
2416350,186,69
1429250,186,69
1790370,186,69
523070,186,69
2725200,186,69
2013240,186,69
585830,186,69
2119590,186,69
2414110,186,69
1769420,186,69
2802710,186,69
3440120,186,69
661690,186,69
395930,186,69
710230,186,69
578590,186,69
1494420,186,69
262450,186,69
1540350,186,69
1662210,186,69
485450,186,69
1289380,186,69
1850960,186,69
1847240,186,69
1423330,186,69
1428100,186,69
22230,186,69
2186360,186,69
109400,187,2
366230,187,2
1162050,188,2
6350,188,2
1088400,189,1
1641010,190,4
583930,190,4
240150,190,4
539300,190,4
1184870,191,1
428780,192,1
434120,193,1
415150,194,8
366270,194,8
1710170,194,8
1558990,194,8
707250,194,8
109410,194,8
865940,194,8
314150,194,8
3172310,195,28
658620,195,28
1967260,195,28
2430690,195,28
218680,195,28
284870,195,28
284750,195,28
1450090,195,28
2015080,195,28
2450120,195,28
296220,195,28
429610,195,28
284710,195,28
3044550,195,28
3637060,195,28
916160,195,28
252890,195,28
560230,195,28
284770,195,28
2348360,195,28
895420,195,28
1992370,195,28
2914420,195,28
966330,195,28
1491670,195,28
3344950,195,28
289840,195,28
369420,195,28
678850,196,2
1946910,196,2
430040,197,1
1780290,198,43
600090,198,43
315810,198,43
1511270,198,43
485750,198,43
2823890,198,43
1024160,198,43
1065520,198,43
1851610,198,43
491530,198,43
2006140,198,43
1106340,198,43
2364560,198,43
1469620,198,43
2906370,198,43
460630,198,43
1004770,198,43
3249050,198,43
2701700,198,43
1009750,198,43
265610,198,43
1016600,198,43
977720,198,43
1866630,198,43
1367300,198,43
424590,198,43
859150,198,43
219640,198,43
1334000,198,43
2928330,198,43
1681060,198,43
1474930,198,43
251870,198,43
2774580,198,43
656200,198,43
1581040,198,43
1299060,198,43
1420770,198,43
1101930,198,43
400910,198,43
1586800,198,43
1334040,198,43
2680050,198,43
736850,199,22
411470,199,22
1415410,199,22
1896160,199,22
1379600,199,22
348750,199,22
365560,199,22
1403740,199,22
1760610,199,22
2756470,199,22
614130,199,22
1247100,199,22
312380,199,22
2405530,199,22
1178220,199,22
1072190,199,22
312350,199,22
603320,199,22
1543280,199,22
812930,199,22
275080,199,22
707450,199,22
477770,200,54
798290,200,54
1259800,200,54
243800,200,54
1924170,200,54
641080,200,54
233070,200,54
245490,200,54
256390,200,54
623090,200,54
520950,200,54
2058750,200,54
984780,200,54
2457030,200,54
243360,200,54
1538570,200,54
1082180,200,54
1839940,200,54
824280,200,54
335070,200,54
271030,200,54
1785910,200,54
358270,200,54
2051120,200,54
759740,200,54
256070,200,54
1710580,200,54
1610460,200,54
2073470,200,54
1074760,200,54
2100160,200,54
1161490,200,54
345900,200,54
256330,200,54
2350280,200,54
345660,200,54
1048580,200,54
674930,200,54
355660,200,54
1304340,200,54
1004750,200,54
355130,200,54
256370,200,54
1205480,200,54
848050,200,54
265100,200,54
711750,200,54
585080,200,54
1447000,200,54
1799930,200,54
355060,200,54
1610470,200,54
1273560,200,54
1089830,200,54
1082380,201,68
418340,201,68
633360,201,68
1496590,201,68
1599020,201,68
404680,201,68
1012790,201,68
1683100,201,68
2441700,201,68
1104660,201,68
1191660,201,68
1004490,201,68
1475840,201,68
297130,201,68
1219240,201,68
1286350,201,68
960980,201,68
617010,201,68
1145330,201,68
843390,201,68
2009100,201,68
470210,201,68
1623940,201,68
835430,201,68
1309620,201,68
251110,201,68
2680570,201,68
589670,201,68
1303950,201,68
473690,201,68
1590910,201,68
535480,201,68
306760,201,68
253840,201,68
981020,201,68
865610,201,68
668550,201,68
2295610,201,68
563840,201,68
2230650,201,68
433550,201,68
1318090,201,68
1220150,201,68
731040,201,68
1417930,201,68
1709350,201,68
435530,201,68
1354260,201,68
3044100,201,68
378610,201,68
1146310,201,68
809060,201,68
411970,201,68
922170,201,68
2565550,201,68
1122100,201,68
1311070,201,68
1016790,201,68
2834320,201,68
1096690,201,68
1464550,201,68
541310,201,68
1444650,201,68
1035120,201,68
1033950,201,68
458520,201,68
411960,201,68
319910,201,68
1604250,202,63
803890,202,63
1571340,202,63
2707070,202,63
1236530,202,63
2287520,202,63
530070,202,63
1381850,202,63
2929170,202,63
454530,202,63
1519060,202,63
2546690,202,63
583040,202,63
81210,202,63
792660,202,63
1266640,202,63
422130,202,63
285380,202,63
1563130,202,63
529020,202,63
490920,202,63
310390,202,63
1767570,202,63
906240,202,63
760630,202,63
344800,202,63
2551920,202,63
1453850,202,63
378800,202,63
354600,202,63
2551570,202,63
398640,202,63
870520,202,63
529700,202,63
724250,202,63
1474770,202,63
873840,202,63
1736400,202,63
3013550,202,63
1519070,202,63
261470,202,63
1849360,202,63
1775460,202,63
988910,202,63
783210,202,63
1776170,202,63
2272900,202,63
47400,202,63
483770,202,63
1036240,202,63
2865610,202,63
389670,202,63
1151670,202,63
376960,202,63
495290,202,63
2850820,202,63
1155980,202,63
289930,202,63
779430,202,63
1652490,202,63
224580,202,63
1595050,202,63
978960,202,63
2487070,203,136
2599950,203,136
461480,203,136
1899620,203,136
1367760,203,136
341270,203,136
345290,203,136
2420460,203,136
1395330,203,136
643610,203,136
2505120,203,136
1761780,203,136
653100,203,136
3238770,203,136
457010,203,136
1269460,203,136
682450,203,136
559900,203,136
1066140,203,136
310490,203,136
19320,203,136
796600,203,136
924280,203,136
924310,203,136
263920,203,136
1622350,203,136
1880930,203,136
1045300,203,136
1275590,203,136
1730240,203,136
2487060,203,136
314410,203,136
2633640,203,136
2751230,203,136
2333240,203,136
915120,203,136
1430420,203,136
3336530,203,136
2941600,203,136
463760,203,136
3086060,203,136
1550710,203,136
367550,203,136
363500,203,136
2213300,203,136
841340,203,136
334560,203,136
1876880,203,136
855530,203,136
3706990,203,136
494310,203,136
1960590,203,136
1758920,203,136
758480,203,136
2857730,203,136
2758000,203,136
352050,203,136
3022810,203,136
2739620,203,136
1384700,203,136
1224020,203,136
1996430,203,136
694960,203,136
509770,203,136
740170,203,136
3125890,203,136
963960,203,136
2736490,203,136
2734310,203,136
925060,203,136
569470,203,136
1950570,203,136
984360,203,136
1915550,203,136
597970,203,136
667800,203,136
929600,203,136
357970,203,136
1012410,203,136
850050,203,136
540180,203,136
2761610,203,136
930320,203,136
729660,203,136
684680,203,136
2321310,203,136
372520,203,136
2061230,203,136
2858370,203,136
350530,203,136
3038820,203,136
3308210,203,136
2651270,203,136
2639840,203,136
1574910,203,136
3069040,203,136
2800840,203,136
851670,203,136
627670,203,136
886020,203,136
1335940,203,136
454140,203,136
822070,203,136
2336990,203,136
1120210,203,136
1630650,203,136
2683960,203,136
785110,203,136
1205040,203,136
489700,203,136
896520,203,136
1450330,203,136
917760,203,136
2166170,203,136
1497230,203,136
539720,203,136
1550510,203,136
1529220,203,136
1232180,203,136
1442450,203,136
1074180,203,136
564810,203,136
1340530,203,136
390620,203,136
1737690,203,136
598880,203,136
3161270,203,136
2894960,203,136
2003050,203,136
2177570,203,136
885590,203,136
2262610,203,136
1560250,203,136
836290,203,136
1265220,203,136
1707550,203,136
682130,204,129
2781250,204,129
507490,204,129
384630,204,129
3500,204,129
916930,204,129
3340,204,129
3592000,204,129
2520410,204,129
2409780,204,129
961040,204,129
2886860,204,129
1032560,204,129
214420,204,129
1204700,204,129
1544360,204,129
3127870,204,129
3233670,204,129
3410,204,129
912370,204,129
2986400,204,129
2516570,204,129
1232940,204,129
1460220,204,129
1795170,204,129
2183390,204,129
3360,204,129
1032700,204,129
1625720,204,129
3507560,204,129
1607280,204,129
1639430,204,129
335560,204,129
2377250,204,129
1794470,204,129
683890,204,129
984680,204,129
2342690,204,129
1614440,204,129
550580,204,129
548390,204,129
1264280,204,129
642560,204,129
324570,204,129
265240,204,129
3380,204,129
3085640,204,129
939000,204,129
3510,204,129
2173940,204,129
2923450,204,129
824350,204,129
1795960,204,129
1922010,204,129
1802710,204,129
764580,204,129
1450830,204,129
1429950,204,129
2758260,204,129
851920,204,129
1007740,204,129
2548950,204,129
1390410,204,129
1622800,204,129
313240,204,129
1486620,204,129
1244390,204,129
1953760,204,129
2198800,204,129
887160,204,129
1386890,204,129
2785200,204,129
1863430,204,129
1070860,204,129
2708210,204,129
409590,204,129
3298250,204,129
2059670,204,129
3054090,204,129
3390,204,129
520590,204,129
3580,204,129
397760,204,129
3235270,204,129
3019850,204,129
3460,204,129
461040,204,129
1474120,204,129
2936120,204,129
2172510,204,129
340700,204,129
1186340,204,129
797260,204,129
510380,204,129
2326020,204,129
1758950,204,129
573320,204,129
3560,204,129
1184320,204,129
389260,204,129
655160,204,129
1726130,204,129
1695840,204,129
2179380,204,129
2512090,204,129
2750920,204,129
1399370,204,129
1066180,204,129
1496180,204,129
2602730,204,129
1095750,204,129
568770,204,129
1260130,204,129
2106520,204,129
3290040,204,129
3570,204,129
3300,204,129
3450,204,129
2018740,204,129
3615600,204,129
1449070,204,129
3350,204,129
2467190,204,129
512750,204,129
1654890,204,129
390340,204,129
1937750,204,129
1471200,204,129
682270,204,129
1904580,205,36
1520760,205,36
1021070,205,36
2085370,205,36
779290,205,36
351700,205,36
2134770,205,36
1573100,205,36
1374840,205,36
2785340,205,36
1508740,205,36
1717640,205,36
1904610,205,36
1768640,205,36
2572400,205,36
1465550,205,36
431700,205,36
3201530,205,36
1728520,205,36
2307120,205,36
329970,205,36
1870150,205,36
1638220,205,36
1076200,205,36
228260,205,36
427030,205,36
724970,205,36
1712820,205,36
578990,205,36
338320,205,36
1865170,205,36
2117470,205,36
1597310,205,36
1674920,205,36
1435010,205,36
1882280,205,36
7800,206,52
1428420,206,52
2332410,206,52
1467920,206,52
727850,206,52
830510,206,52
468050,206,52
1734680,206,52
73050,206,52
2695270,206,52
262590,206,52
2126290,206,52
42910,206,52
554530,206,52
385400,206,52
1000440,206,52
2951770,206,52
1274140,206,52
2022180,206,52
1741040,206,52
2259260,206,52
2002220,206,52
1944570,206,52
233610,206,52
1359980,206,52
1101450,206,52
374540,206,52
1419330,206,52
1749630,206,52
828740,206,52
1710540,206,52
768520,206,52
1560770,206,52
348300,206,52
1036200,206,52
2831340,206,52
1684400,206,52
1766430,206,52
2739830,206,52
210770,206,52
1476520,206,52
1146630,206,52
994040,206,52
517910,206,52
595560,206,52
432470,206,52
1213230,206,52
2212110,206,52
623580,206,52
2158030,206,52
421170,206,52
466420,206,52
965320,207,5
271840,207,5
223180,207,5
233840,207,5
965300,207,5
2311410,208,115
764500,208,115
894750,208,115
2564460,208,115
2003640,208,115
204680,208,115
2319640,208,115
364450,208,115
395520,208,115
2474530,208,115
2098810,208,115
2762230,208,115
987570,208,115
26010,208,115
1477460,208,115
525040,208,115
638920,208,115
3597930,208,115
2436340,208,115
2627570,208,115
613880,208,115
1041710,208,115
3521320,208,115
3389270,208,115
2746030,208,115
2488590,208,115
3101770,208,115
102840,208,115
1868020,208,115
630610,208,115
1594130,208,115
3090100,208,115
860950,208,115
3328480,208,115
2654470,208,115
895610,208,115
3295910,208,115
333350,208,115
3141480,208,115
617820,208,115
975950,208,115
214550,208,115
861350,208,115
2725930,208,115
1083600,208,115
350620,208,115
3436850,208,115
2278630,208,115
211400,208,115
3638700,208,115
509620,208,115
2940120,208,115
3058520,208,115
1523400,208,115
587650,208,115
929310,208,115
2332210,208,115
427190,208,115
875740,208,115
1412660,208,115
767300,208,115
947890,208,115
1286340,208,115
827780,208,115
1482700,208,115
3449590,208,115
367270,208,115
1170940,208,115
3033810,208,115
556180,208,115
646240,208,115
581030,208,115
2399450,208,115
554570,208,115
3261010,208,115
550820,208,115
1669870,208,115
1444710,208,115
2717930,208,115
2581200,208,115
2697890,208,115
319810,208,115
359310,208,115
424280,208,115
3140990,208,115
1260590,208,115
3540500,208,115
2799930,208,115
1272340,208,115
1674820,208,115
837400,208,115
3218880,208,115
753980,208,115
2177620,208,115
2379810,208,115
3535780,208,115
1608730,208,115
1593930,208,115
251650,208,115
235210,208,115
3123450,208,115
3367070,208,115
2617400,208,115
420790,208,115
1224160,208,115
105420,208,115
3077660,208,115
992520,208,115
474010,208,115
769910,208,115
579490,208,115
1897120,208,115
935580,208,115
1322100,208,115
623310,208,115
432100,209,87
1975440,209,87
679230,209,87
797620,209,87
1719660,209,87
1684170,209,87
952420,209,87
358090,209,87
1418530,209,87
1412310,209,87
636170,209,87
615530,209,87
2153350,209,87
1431570,209,87
2346310,209,87
1455070,209,87
1592520,209,87
601530,209,87
2387380,209,87
942460,209,87
1092960,209,87
2452740,209,87
713380,209,87
679250,209,87
1360980,209,87
1292810,209,87
1409770,209,87
516110,209,87
629770,209,87
1452130,209,87
1818370,209,87
1110050,209,87
845480,209,87
552880,209,87
2231010,209,87
454250,209,87
434000,209,87
283230,209,87
1444300,209,87
620210,209,87
745330,209,87
2331070,209,87
609490,209,87
1861490,209,87
368390,209,87
2178930,209,87
615180,209,87
246980,209,87
323320,209,87
2514960,209,87
348540,209,87
347620,209,87
2655960,209,87
583090,209,87
942930,209,87
1763200,209,87
1599780,209,87
617660,209,87
739190,209,87
1628610,209,87
2009010,209,87
938560,209,87
735580,209,87
1562910,209,87
1498120,209,87
2081630,209,87
2126680,209,87
762220,209,87
1042490,209,87
1736360,209,87
616110,209,87
534970,209,87
94300,209,87
914800,209,87
2459350,209,87
970150,209,87
963000,209,87
617070,209,87
440640,209,87
1002560,209,87
1837650,209,87
2207440,209,87
322450,209,87
1161170,209,87
1131670,209,87
1009270,209,87
861240,209,87
243000,210,138
3173570,210,138
2924890,210,138
1133760,210,138
1374970,210,138
2120250,210,138
2067780,210,138
556770,210,138
35000,210,138
671170,210,138
932870,210,138
6870,210,138
1188330,210,138
1849000,210,138
959080,210,138
3288990,210,138
1316390,210,138
671210,210,138
2925970,210,138
1346970,210,138
3347520,210,138
3553960,210,138
847240,210,138
965880,210,138
1804500,210,138
2573100,210,138
2493560,210,138
1964980,210,138
777670,210,138
1569140,210,138
2738000,210,138
956450,210,138
517230,210,138
2413570,210,138
946650,210,138
1377260,210,138
542340,210,138
1211110,210,138
23300,210,138
1333410,210,138
799500,210,138
672010,210,138
2490910,210,138
2094320,210,138
384720,210,138
2916620,210,138
1615290,210,138
525640,210,138
23320,210,138
3584830,210,138
1011300,210,138
416450,210,138
711150,210,138
742120,210,138
764920,210,138
1634100,210,138
3667230,210,138
2277300,210,138
1471910,210,138
1259640,210,138
979290,210,138
2088280,210,138
3443890,210,138
224500,210,138
1799850,210,138
434480,210,138
2951580,210,138
856540,210,138
1588380,210,138
2304660,210,138
3220680,210,138
392670,210,138
2923390,210,138
2077750,210,138
3453570,210,138
2490930,210,138
1036600,210,138
6880,210,138
291610,210,138
511560,210,138
1250560,210,138
928520,210,138
3316540,210,138
769200,210,138
1860750,210,138
1806110,210,138
2113540,210,138
2959610,210,138
567430,210,138
2715810,210,138
2106840,210,138
359050,210,138
2085000,210,138
1116080,210,138
1098940,210,138
691620,210,138
2400280,210,138
2258590,210,138
817470,210,138
2937710,210,138
1613680,210,138
2599330,210,138
1012830,210,138
606800,210,138
2160220,210,138
798620,210,138
598840,210,138
372100,210,138
3110500,210,138
810690,210,138
211440,210,138
1444350,210,138
5360,210,138
517770,210,138
2107030,210,138
259080,210,138
2941580,210,138
3098070,210,138
1117310,210,138
12130,210,138
2283460,210,138
977900,210,138
2720010,210,138
1280370,210,138
1761220,210,138
3453690,210,138
38600,210,138
3193840,210,138
2305900,210,138
1451230,210,138
2995280,210,138
3380050,210,138
434750,210,138
2014380,210,138
3468980,210,138
272060,210,138
1257360,210,138
1013650,210,138
364830,211,126
3107900,211,126
3152580,211,126
315840,211,126
1938300,211,126
814210,211,126
97130,211,126
1556860,211,126
1457650,211,126
597730,211,126
1343990,211,126
1304550,211,126
3013730,211,126
580640,211,126
1404660,211,126
557630,211,126
1932570,211,126
361830,211,126
2933290,211,126
964210,211,126
913160,211,126
557800,211,126
372030,211,126
933540,211,126
3240260,211,126
250260,211,126
1602980,211,126
393930,211,126
987150,211,126
931780,211,126
1614890,211,126
1597460,211,126
1437850,211,126
2691620,211,126
760890,211,126
2790090,211,126
1250220,211,126
392600,211,126
3070380,211,126
1979570,211,126
527720,211,126
673220,211,126
1458560,211,126
1437870,211,126
556830,211,126
2422090,211,126
685310,211,126
725140,211,126
1144110,211,126
618200,211,126
1046820,211,126
365860,211,126
2986370,211,126
856160,211,126
3076520,211,126
2962750,211,126
1135810,211,126
1457630,211,126
2355860,211,126
1461910,211,126
418000,211,126
2498570,211,126
1105460,211,126
1603980,211,126
261940,211,126
2153770,211,126
684840,211,126
2137700,211,126
1437860,211,126
3318320,211,126
337720,211,126
3031150,211,126
1137410,211,126
1349830,211,126
285010,211,126
346130,211,126
2404820,211,126
1482620,211,126
368990,211,126
495320,211,126
828590,211,126
3062410,211,126
2186400,211,126
1164740,211,126
1730360,211,126
2450820,211,126
2577760,211,126
2193490,211,126
1986040,211,126
710030,211,126
273680,211,126
965920,211,126
505630,211,126
2685770,211,126
1850550,211,126
2968430,211,126
2413660,211,126
1622780,211,126
2336720,211,126
369970,211,126
1951220,211,126
535890,211,126
739720,211,126
1679290,211,126
2317560,211,126
1853830,211,126
2204350,211,126
293160,211,126
1191840,211,126
3122210,211,126
1712890,211,126
2462520,211,126
1739530,211,126
883390,211,126
48710,211,126
359340,211,126
1457640,211,126
1250520,211,126
1334700,211,126
1697880,211,126
482300,211,126
290930,211,126
450110,211,126
2845200,211,126
2302560,211,126
1257810,211,126
2981530,212,125
898790,212,125
946010,212,125
694470,212,125
2904290,212,125
306680,212,125
1857540,212,125
2663530,212,125
910530,212,125
1195410,212,125
25810,212,125
2730270,212,125
2104920,212,125
808080,212,125
756980,212,125
2881230,212,125
687540,212,125
3462210,212,125
589410,212,125
492610,212,125
3329420,212,125
1866880,212,125
1188260,212,125
1092720,212,125
1592480,212,125
1184820,212,125
2956400,212,125
1802330,212,125
1254130,212,125
636590,212,125
1640520,212,125
367820,212,125
1092700,212,125
355510,212,125
603260,212,125
2910960,212,125
1487680,212,125
485680,212,125
2845930,212,125
1268870,212,125
1740100,212,125
1893820,212,125
2932930,212,125
383790,212,125
1092730,212,125
2060730,212,125
3384220,212,125
2667500,212,125
511700,212,125
1211120,212,125
926010,212,125
384910,212,125
2845250,212,125
2677470,212,125
2819030,212,125
3017110,212,125
3447690,212,125
1967550,212,125
589760,212,125
1998980,212,125
1822450,212,125
798420,212,125
852480,212,125
1096710,212,125
2782830,212,125
618740,212,125
1555150,212,125
655620,212,125
2086540,212,125
584220,212,125
3159120,212,125
2078350,212,125
1495940,212,125
2063530,212,125
506280,212,125
1514660,212,125
320140,212,125
1301010,212,125
1218250,212,125
345200,212,125
384150,212,125
2101110,212,125
892560,212,125
2067590,212,125
961010,212,125
964810,212,125
763630,212,125
566800,212,125
828270,212,125
638830,212,125
366130,212,125
534270,212,125
2542800,212,125
1389950,212,125
697320,212,125
1290170,212,125
2750480,212,125
852450,212,125
1250180,212,125
1509040,212,125
2667970,212,125
2803010,212,125
2809670,212,125
2087000,212,125
3136050,212,125
2755410,212,125
337290,212,125
2001570,212,125
1493520,212,125
502350,212,125
2157210,212,125
1727650,212,125
3037060,212,125
2736020,212,125
2845270,212,125
2854290,212,125
964130,212,125
2398030,212,125
529670,212,125
1967890,212,125
1285230,212,125
748480,212,125
1612520,212,125
3069620,212,125
1190150,212,125
297050,213,2
280030,213,2
779640,214,48
1444360,214,48
303390,214,48
877810,214,48
552390,214,48
473770,214,48
293180,214,48
589320,214,48
420520,214,48
1278210,214,48
792710,214,48
2202120,214,48
2673310,214,48
2008510,214,48
2668000,214,48
700240,214,48
407840,214,48
888530,214,48
2544570,214,48
33600,214,48
992730,214,48
2059660,214,48
3068740,214,48
3166820,214,48
1440670,214,48
349020,214,48
237740,214,48
341950,214,48
970700,214,48
391170,214,48
1975580,214,48
2010900,214,48
587000,214,48
2281820,214,48
690140,214,48
1269710,214,48
408410,214,48
104900,214,48
2877770,214,48
2000090,214,48
1672670,214,48
262940,214,48
234900,214,48
1408230,214,48
2332240,214,48
1532200,214,48
1981570,214,48
303310,214,48
758730,215,169
1184380,215,169
629650,215,169
2614070,215,169
739650,215,169
889710,215,169
2172900,215,169
1100430,215,169
741140,215,169
3027620,215,169
1063040,215,169
1293820,215,169
541660,215,169
1707990,215,169
1407090,215,169
852910,215,169
329440,215,169
1202540,215,169
2618270,215,169
1229020,215,169
997060,215,169
1766420,215,169
303290,215,169
1036890,215,169
1039940,215,169
1261520,215,169
710470,215,169
1145030,215,169
975000,215,169
2781750,215,169
1777750,215,169
1762930,215,169
1162650,215,169
2258770,215,169
1104460,215,169
2361760,215,169
542290,215,169
386280,215,169
1622710,215,169
575480,215,169
1342410,215,169
1462570,215,169
2223840,215,169
3030720,215,169
915710,215,169
629860,215,169
444140,215,169
2717880,215,169
1776970,215,169
1270720,215,169
931560,215,169
639490,215,169
1265570,215,169
806950,215,169
252230,215,169
928960,215,169
1803410,215,169
512540,215,169
2983250,215,169
1346770,215,169
2994010,215,169
321270,215,169
552280,215,169
1217570,215,169
1861230,215,169
2737970,215,169
571720,215,169
2206340,215,169
960420,215,169
703180,215,169
2779890,215,169
1174400,215,169
406550,215,169
2229890,215,169
1187940,215,169
2863640,215,169
928440,215,169
1730190,215,169
467950,215,169
2459420,215,169
2712550,215,169
502820,215,169
2906650,215,169
2456960,215,169
2669410,215,169
18040,215,169
2973120,215,169
1425730,215,169
2947250,215,169
1292950,215,169
1377700,215,169
912450,215,169
1481080,215,169
1333200,215,169
1030210,215,169
1255560,215,169
897610,215,169
438130,215,169
501590,215,169
1674830,215,169
1856480,215,169
543870,215,169
399810,215,169
2535440,215,169
650070,215,169
541640,215,169
1237980,215,169
2229830,215,169
1224230,215,169
1161190,215,169
2242710,215,169
1823930,215,169
1576350,215,169
1717020,215,169
577980,215,169
2527460,215,169
1586700,215,169
469610,215,169
407810,215,169
842910,215,169
1465050,215,169
1265800,215,169
1646580,215,169
1144300,215,169
433530,215,169
787510,215,169
2507620,215,169
2430160,215,169
1053390,215,169
1380420,215,169
2510810,215,169
607890,215,169
1540210,215,169
1282410,215,169
930910,215,169
2250790,215,169
1225580,215,169
2652220,215,169
887060,215,169
1087760,215,169
1524550,215,169
703730,215,169
819030,215,169
2432110,215,169
1518430,215,169
1656830,215,169
2233120,215,169
1066630,215,169
1494470,215,169
2739700,215,169
619390,215,169
839450,215,169
1465070,215,169
964570,215,169
1344070,215,169
1298140,215,169
536800,215,169
2789130,215,169
2567190,215,169
1271100,215,169
1191630,215,169
940650,215,169
728240,215,169
1846330,215,169
3027600,215,169
1233570,215,169
2322380,215,169
1151440,215,169
764300,215,169
1996630,216,7
2616450,216,7
2204130,216,7
573790,216,7
306260,216,7
2616430,216,7
2616460,216,7
947300,217,117
2009860,217,117
724470,217,117
1121910,217,117
652130,217,117
841980,217,117
2850190,217,117
553110,217,117
2804760,217,117
2855500,217,117
1331510,217,117
360940,217,117
1289340,217,117
616560,217,117
761600,217,117
2730530,217,117
404760,217,117
2782530,217,117
1873750,217,117
2398660,217,117
659920,217,117
3280460,217,117
1040070,217,117
1516240,217,117
1107620,217,117
810700,217,117
556860,217,117
402150,217,117
932450,217,117
1585570,217,117
1549030,217,117
1806840,217,117
2631870,217,117
767020,217,117
1480120,217,117
1236990,217,117
1628390,217,117
3377770,217,117
930500,217,117
3118070,217,117
1821570,217,117
2109510,217,117
2898460,217,117
342920,217,117
1661240,217,117
404030,217,117
626730,217,117
1671420,217,117
3070830,217,117
2720280,217,117
939990,217,117
3289470,217,117
909570,217,117
1319470,217,117
420550,217,117
1258480,217,117
3054490,217,117
576260,217,117
992910,217,117
2009810,217,117
1725950,217,117
48900,217,117
2745790,217,117
1989560,217,117
388160,217,117
2365660,217,117
1103770,217,117
283160,217,117
1120890,217,117
92100,217,117
2598020,217,117
705800,217,117
215710,217,117
511350,217,117
1477950,217,117
1104330,217,117
454130,217,117
337450,217,117
2975180,217,117
518150,217,117
3168260,217,117
3060850,217,117
342570,217,117
2954260,217,117
1535060,217,117
2358220,217,117
823830,217,117
1901200,217,117
1740050,217,117
2769070,217,117
2147380,217,117
558650,217,117
1766790,217,117
1609730,217,117
752050,217,117
1968630,217,117
1866180,217,117
287900,217,117
653930,217,117
434260,217,117
966420,217,117
1015080,217,117
2734450,217,117
2571030,217,117
1192900,217,117
1016610,217,117
2130060,217,117
762980,217,117
2173550,217,117
764690,217,117
809050,217,117
860990,217,117
1909390,217,117
209690,217,117
2013900,217,117
1250870,217,117
544390,217,117
1730700,218,152
1163590,218,152
404590,218,152
1681870,218,152
1214650,218,152
1049890,218,152
2463800,218,152
2602020,218,152
1770490,218,152
511740,218,152
1016960,218,152
2707170,218,152
1680880,218,152
2534370,218,152
990050,218,152
2313020,218,152
1265930,218,152
2461850,218,152
1312800,218,152
1142100,218,152
202170,218,152
1481440,218,152
1685750,218,152
226720,218,152
2458830,218,152
571260,218,152
2731870,218,152
2235020,218,152
1843310,218,152
1602080,218,152
1110910,218,152
400170,218,152
851890,218,152
1282150,218,152
1635590,218,152
752570,218,152
1442820,218,152
539660,218,152
1522160,218,152
377870,218,152
1451810,218,152
1614270,218,152
1316910,218,152
1283400,218,152
1502560,218,152
487390,218,152
566440,218,152
2856140,218,152
816090,218,152
1477940,218,152
1038250,218,152
1150080,218,152
1061910,218,152
715400,218,152
2313140,218,152
865820,218,152
2412890,218,152
715680,218,152
1342260,218,152
2407990,218,152
658140,218,152
802890,218,152
2250600,218,152
2383690,218,152
1356240,218,152
1798020,218,152
2631250,218,152
2223740,218,152
2854170,218,152
1167450,218,152
1642170,218,152
1566880,218,152
1286320,218,152
1119980,218,152
458380,218,152
2313670,218,152
1038300,218,152
2429190,218,152
265300,218,152
991260,218,152
2450450,218,152
209660,218,152
1009290,218,152
1165870,218,152
2728410,218,152
1630110,218,152
202290,218,152
1196090,218,152
511680,218,152
585450,218,152
1025960,218,152
2961660,218,152
5910,218,152
2699820,218,152
1062040,218,152
707030,218,152
402620,218,152
2228080,218,152
1249800,218,152
1310410,218,152
1715980,218,152
2383990,218,152
985830,218,152
1013140,218,152
1840350,218,152
1449200,218,152
1222370,218,152
1567800,218,152
1566390,218,152
1321150,218,152
493840,218,152
1740660,218,152
2197680,218,152
1158370,218,152
1670870,218,152
1730680,218,152
2386860,218,152
935360,218,152
675240,218,152
1799380,218,152
2545270,218,152
1665130,218,152
814000,218,152
738510,218,152
977460,218,152
1351630,218,152
2423720,218,152
312780,218,152
209650,218,152
1062340,218,152
802880,218,152
1341820,218,152
1755910,218,152
1266220,218,152
1777440,218,152
635940,218,152
215220,218,152
1079830,218,152
2379390,218,152
425220,218,152
1266700,218,152
233130,218,152
754890,218,152
1567020,218,152
1497950,218,152
801630,218,152
1282210,218,152
661990,218,152
1607200,218,152
312670,218,152
71340,218,152
345390,218,152
48010,219,172
38440,219,172
419060,219,172
19800,219,172
447150,219,172
15130,219,172
3508630,219,172
9050,219,172
39520,219,172
61520,219,172
231160,219,172
32360,219,172
269710,219,172
41050,219,172
1523720,219,172
3238120,219,172
2362420,219,172
893180,219,172
422970,219,172
1630,219,172
240760,219,172
1190170,219,172
1517180,219,172
34450,219,172
13540,219,172
211740,219,172
1238020,219,172
2081470,219,172
2920,219,172
6920,219,172
207170,219,172
353540,219,172
814360,219,172
1412570,219,172
13500,219,172
29610,219,172
827000,219,172
253750,219,172
1743850,219,172
500810,219,172
273590,219,172
536220,219,172
327740,219,172
207510,219,172
980300,219,172
2062120,219,172
5250,219,172
15320,219,172
34050,219,172
449610,219,172
300550,219,172
2842890,219,172
373090,219,172
50620,219,172
13570,219,172
835670,219,172
21110,219,172
334940,219,172
221640,219,172
32380,219,172
6030,219,172
211600,219,172
207490,219,172
41500,219,172
1225560,219,172
17460,219,172
13560,219,172
39190,219,172
254960,219,172
1091980,219,172
2459000,219,172
241600,219,172
17330,219,172
597760,219,172
12500,219,172
388210,219,172
228860,219,172
7000,219,172
2278860,219,172
38420,219,172
21660,219,172
31820,219,172
925940,219,172
19980,219,172
20500,219,172
610860,219,172
4900,219,172
32460,219,172
242590,219,172
6830,219,172
225080,219,172
8000,219,172
7110,219,172
925930,219,172
41060,219,172
6950,219,172
221910,219,172
204060,219,172
9340,219,172
1574260,219,172
410710,219,172
21680,219,172
220160,219,172
722230,219,172
3130330,219,172
70400,219,172
700480,219,172
13600,219,172
204030,219,172
3170,219,172
9010,219,172
530210,219,172
108500,219,172
410,219,172
19830,219,172
290260,219,172
34440,219,172
306660,219,172
219890,219,172
47920,219,172
6310,219,172
2640,219,172
2060130,219,172
1520,219,172
6200,219,172
2296380,219,172
13580,219,172
208480,219,172
397550,219,172
33220,219,172
1168460,219,172
6850,219,172
551700,219,172
1772530,219,172
2720950,219,172
61510,219,172
578620,219,172
3352550,219,172
41510,219,172
47540,219,172
12900,219,172
251830,219,172
230270,219,172
1103860,219,172
34460,219,172
24870,219,172
245450,219,172
1640,219,172
3185590,219,172
17410,219,172
254980,219,172
6980,219,172
246960,219,172
650500,219,172
238210,219,172
530620,219,172
20570,219,172
254320,219,172
248510,219,172
1983990,219,172
15300,219,172
1350200,219,172
1507580,219,172
1168280,219,172
230230,219,172
26800,219,172
2695350,219,172
592580,219,172
15190,219,172
730820,219,172
381780,219,172
2210,219,172
335690,220,40
3132250,220,40
1983700,220,40
960820,220,40
1952170,220,40
1918530,220,40
1006880,220,40
2119660,220,40
1921770,220,40
2019380,220,40
1001880,220,40
1983710,220,40
1923670,220,40
2089450,220,40
1978100,220,40
986990,220,40
1067650,220,40
2119650,220,40
1017350,220,40
2054810,220,40
1933990,220,40
1923690,220,40
2848360,220,40
1921760,220,40
1620110,220,40
2072140,220,40
2019360,220,40
3334710,220,40
1983690,220,40
2074810,220,40
2437690,220,40
2102480,220,40
1947950,220,40
2084720,220,40
2119680,220,40
1243850,220,40
2072420,220,40
1918540,220,40
978450,220,40
1918520,220,40
359390,221,5
589530,221,5
357240,221,5
733340,221,5
2126870,221,5
1511670,222,51
550390,222,51
691450,222,51
813540,222,51
577480,222,51
447850,222,51
300620,222,51
271950,222,51
696710,222,51
1259180,222,51
668350,222,51
422760,222,51
1423200,222,51
1203400,222,51
310360,222,51
2056880,222,51
1034940,222,51
410890,222,51
352520,222,51
736570,222,51
932820,222,51
1507190,222,51
3498580,222,51
680830,222,51
645420,222,51
1243670,222,51
376490,222,51
1941110,222,51
857080,222,51
526490,222,51
248490,222,51
373560,222,51
570540,222,51
462960,222,51
289260,222,51
1909800,222,51
1070240,222,51
2196490,222,51
372510,222,51
663920,222,51
366670,222,51
3201360,222,51
302730,222,51
440790,222,51
354680,222,51
665510,222,51
373870,222,51
1138410,222,51
454690,222,51
2915460,222,51
985070,222,51
1110030,223,157
759940,223,157
220260,223,157
771210,223,157
16450,223,157
439760,223,157
1421790,223,157
1621560,223,157
1033410,223,157
374850,223,157
2059380,223,157
2969140,223,157
1201370,223,157
1097680,223,157
929020,223,157
1749840,223,157
672970,223,157
3013740,223,157
446340,223,157
820620,223,157
90200,223,157
386090,223,157
1032170,223,157
1985050,223,157
1966130,223,157
1689090,223,157
1245820,223,157
2566270,223,157
621000,223,157
446310,223,157
875800,223,157
1111080,223,157
2251580,223,157
2353760,223,157
362160,223,157
1729300,223,157
646100,223,157
1698080,223,157
656240,223,157
545600,223,157
1892950,223,157
1771980,223,157
2458560,223,157
2774980,223,157
379520,223,157
523750,223,157
1167470,223,157
344760,223,157
316240,223,157
204220,223,157
463020,223,157
252750,223,157
1284090,223,157
2774480,223,157
1095610,223,157
364640,223,157
429780,223,157
847300,223,157
411570,223,157
430210,223,157
48950,223,157
375130,223,157
3286700,223,157
2455610,223,157
766560,223,157
2504480,223,157
2702570,223,157
1707650,223,157
265590,223,157
3156640,223,157
3546270,223,157
800620,223,157
1146370,223,157
307130,223,157
3034330,223,157
386490,223,157
2182630,223,157
1088770,223,157
2529820,223,157
498460,223,157
1676650,223,157
711570,223,157
1065200,223,157
984240,223,157
913110,223,157
2401230,223,157
2687110,223,157
1586880,223,157
2767740,223,157
3072450,223,157
90210,223,157
340250,223,157
2689470,223,157
1283980,223,157
1166840,223,157
318330,223,157
461870,223,157
408900,223,157
3089700,223,157
2311080,223,157
351160,223,157
672410,223,157
2587170,223,157
3411020,223,157
339350,223,157
1804710,223,157
1775520,223,157
2118250,223,157
1344350,223,157
1518440,223,157
757460,223,157
394970,223,157
1804720,223,157
752430,223,157
2842590,223,157
1245610,223,157
1754840,223,157
1530450,223,157
890550,223,157
375320,223,157
3150510,223,157
421630,223,157
1178050,223,157
318310,223,157
1026420,223,157
2185930,223,157
1142670,223,157
2514680,223,157
3002570,223,157
596890,223,157
531540,223,157
2933590,223,157
1703140,223,157
1515420,223,157
3506030,223,157
843260,223,157
2216120,223,157
1009990,223,157
318340,223,157
2134900,223,157
370600,223,157
685420,223,157
609760,223,157
1612480,223,157
1686290,223,157
270850,223,157
1249980,223,157
1026670,223,157
3034340,223,157
1314000,223,157
907020,223,157
201430,223,157
347930,223,157
1343810,223,157
1290270,223,157
1262890,223,157
2169830,223,157
665440,224,14
1025530,224,14
715280,224,14
1025550,224,14
1478890,224,14
540230,224,14
738580,224,14
385960,224,14
675950,224,14
352680,224,14
1368850,224,14
620640,224,14
989690,224,14
450290,224,14
439170,225,1
31170,226,118
1796720,226,118
316010,226,118
498030,226,118
2052990,226,118
461950,226,118
2551500,226,118
588750,226,118
573270,226,118
740950,226,118
703840,226,118
673060,226,118
2875140,226,118
1765350,226,118
370910,226,118
2299660,226,118
1128970,226,118
897130,226,118
31270,226,118
1562860,226,118
419290,226,118
1287000,226,118
2958050,226,118
1336060,226,118
1133930,226,118
2459490,226,118
3460130,226,118
837190,226,118
2738600,226,118
2252330,226,118
681750,226,118
2560460,226,118
236730,226,118
500670,226,118
294750,226,118
3436100,226,118
2481020,226,118
992960,226,118
614770,226,118
657470,226,118
1156990,226,118
2423070,226,118
3279160,226,118
889740,226,118
549670,226,118
2828980,226,118
667600,226,118
622610,226,118
462220,226,118
1015140,226,118
1596540,226,118
2192860,226,118
2157710,226,118
2605180,226,118
3601790,226,118
1235360,226,118
822190,226,118
2278740,226,118
297780,226,118
1057980,226,118
1025250,226,118
3405610,226,118
979070,226,118
418940,226,118
31180,226,118
1930600,226,118
605100,226,118
31100,226,118
631570,226,118
58410,226,118
878610,226,118
358340,226,118
355050,226,118
1098050,226,118
964040,226,118
29180,226,118
754260,226,118
3365740,226,118
91200,226,118
3510910,226,118
1972470,226,118
675260,226,118
542740,226,118
1056570,226,118
1515890,226,118
1367960,226,118
3138780,226,118
8330,226,118
2928650,226,118
1229060,226,118
2550040,226,118
367810,226,118
1486190,226,118
3166910,226,118
1702760,226,118
3168890,226,118
1272450,226,118
988250,226,118
480500,226,118
783940,226,118
284930,226,118
3073860,226,118
413810,226,118
3068100,226,118
498240,226,118
518620,226,118
713460,226,118
2586000,226,118
3034450,226,118
2310700,226,118
998150,226,118
358200,226,118
244590,226,118
2986250,226,118
1230100,226,118
2543110,226,118
291430,226,118
843810,226,118
2949260,227,2
2898760,227,2
2450110,228,124
3177070,228,124
1820170,228,124
316260,228,124
1012610,228,124
32330,228,124
2193650,228,124
1087780,228,124
596500,228,124
2709730,228,124
530050,228,124
3388870,228,124
2316410,228,124
516470,228,124
1783940,228,124
322130,228,124
2612680,228,124
1619790,228,124
1034120,228,124
357480,228,124
857690,228,124
1090210,228,124
2330500,228,124
551770,228,124
2525230,228,124
1432500,228,124
3019160,228,124
2322090,228,124
2774380,228,124
2693060,228,124
1377920,228,124
530120,228,124
2749270,228,124
790740,228,124
3044560,228,124
2774190,228,124
331750,228,124
331970,228,124
300820,228,124
1035760,228,124
1510030,228,124
792300,228,124
433350,228,124
1595290,228,124
1425000,228,124
1590360,228,124
733990,228,124
340990,228,124
303510,228,124
1158890,228,124
278460,228,124
2638560,228,124
3062930,228,124
2994870,228,124
245300,228,124
2232840,228,124
2686250,228,124
1129010,228,124
751250,228,124
336240,228,124
827860,228,124
280560,228,124
2351090,228,124
828150,228,124
2240080,228,124
1059430,228,124
1716360,228,124
722730,228,124
401220,228,124
1237340,228,124
655370,228,124
2585720,228,124
502230,228,124
2311190,228,124
3207400,228,124
563290,228,124
319080,228,124
2450130,228,124
1156590,228,124
1916890,228,124
869290,228,124
1883090,228,124
2355140,228,124
297860,228,124
713880,228,124
1281790,228,124
318740,228,124
221540,228,124
946610,228,124
2155600,228,124
2934190,228,124
2820670,228,124
433020,228,124
3312030,228,124
1573970,228,124
2673070,228,124
970500,228,124
833140,228,124
899530,228,124
301760,228,124
233350,228,124
2491640,228,124
1669420,228,124
392000,228,124
2383120,228,124
2262770,228,124
1831480,228,124
1104450,228,124
1269020,228,124
1367720,228,124
385250,228,124
2914050,228,124
332260,228,124
331160,228,124
318950,228,124
359600,228,124
2499800,228,124
3311740,228,124
734490,228,124
2903160,228,124
922530,228,124
966320,228,124
2839450,228,124
33680,228,124
441830,229,117
2658450,229,117
316820,229,117
449800,229,117
743900,229,117
686720,229,117
1423600,229,117
1461810,229,117
1149440,229,117
1153640,229,117
1776380,229,117
628100,229,117
2719200,229,117
322520,229,117
521760,229,117
340170,229,117
3002850,229,117
1019100,229,117
685320,229,117
637670,229,117
628020,229,117
521740,229,117
2989250,229,117
1072450,229,117
521680,229,117
2958970,229,117
1045620,229,117
936180,229,117
1295270,229,117
1451080,229,117
742300,229,117
521730,229,117
3078590,229,117
2687670,229,117
1152310,229,117
521710,229,117
430340,229,117
1502990,229,117
658260,229,117
2203230,229,117
388700,229,117
521750,229,117
952540,229,117
1069640,229,117
936190,229,117
3473170,229,117
1754870,229,117
628130,229,117
1152320,229,117
1159420,229,117
1732190,229,117
2677750,229,117
392470,229,117
230330,229,117
628120,229,117
628150,229,117
1191260,229,117
1759380,229,117
2476940,229,117
2783750,229,117
230350,229,117
1716120,229,117
1591530,229,117
410850,229,117
1341200,229,117
331600,229,117
1502970,229,117
1647550,229,117
1612780,229,117
1642620,229,117
595740,229,117
348470,229,117
2292260,229,117
552700,229,117
363130,229,117
502280,229,117
348680,229,117
2760480,229,117
1732340,229,117
1509080,229,117
3273240,229,117
2219000,229,117
495050,229,117
628170,229,117
628090,229,117
2730540,229,117
1056510,229,117
1502980,229,117
1223730,229,117
1458040,229,117
1113570,229,117
606370,229,117
936160,229,117
1793030,229,117
545010,229,117
2285240,229,117
2436570,229,117
521700,229,117
1482490,229,117
610190,229,117
1295550,229,117
1192440,229,117
574050,229,117
2844850,229,117
1152300,229,117
527290,229,117
1038810,229,117
999020,229,117
521690,229,117
464450,229,117
1175830,229,117
886820,229,117
968790,229,117
397720,229,117
628180,229,117
628030,229,117
55110,229,117
514700,230,85
397430,230,85
1325030,230,85
1247650,230,85
453390,230,85
569150,230,85
887940,230,85
866740,230,85
514720,230,85
1771430,230,85
804990,230,85
897010,230,85
558670,230,85
1030180,230,85
90400,230,85
1709450,230,85
786080,230,85
1830840,230,85
234940,230,85
614650,230,85
580010,230,85
1865010,230,85
578360,230,85
465990,230,85
1163960,230,85
2270640,230,85
1069230,230,85
466060,230,85
51060,230,85
1721460,230,85
533070,230,85
1273920,230,85
1849900,230,85
1082470,230,85
758640,230,85
2424660,230,85
499110,230,85
1123190,230,85
1796910,230,85
564090,230,85
466040,230,85
2869610,230,85
567240,230,85
41600,230,85
815550,230,85
281820,230,85
569270,230,85
1944250,230,85
2066360,230,85
50930,230,85
496030,230,85
50940,230,85
3213690,230,85
926090,230,85
50980,230,85
1672200,230,85
622150,230,85
1351550,230,85
2589630,230,85
1265970,230,85
1589080,230,85
435300,230,85
281240,230,85
586710,230,85
605790,230,85
555820,230,85
896970,230,85
1228860,230,85
51000,230,85
591580,230,85
1393080,230,85
678400,230,85
565600,230,85
1875530,230,85
941030,230,85
1243450,230,85
995900,230,85
897020,230,85
2109640,230,85
796070,230,85
805040,230,85
838730,230,85
3479130,230,85
540840,230,85
995930,230,85
1240230,231,89
1472560,231,89
1356280,231,89
1511090,231,89
98800,231,89
2017620,231,89
965820,231,89
1502190,231,89
2717830,231,89
542050,231,89
258970,231,89
1651490,231,89
2838940,231,89
1542790,231,89
2946030,231,89
438270,231,89
1912750,231,89
1014940,231,89
910630,231,89
537990,231,89
1203180,231,89
2932580,231,89
2076260,231,89
2649480,231,89
1367690,231,89
2095300,231,89
868520,231,89
398000,231,89
3220170,231,89
948640,231,89
1554470,231,89
837880,231,89
627350,231,89
2353850,231,89
504130,231,89
3281130,231,89
646690,231,89
943980,231,89
2765460,231,89
392070,231,89
853650,231,89
2017080,231,89
2150660,231,89
333980,231,89
782690,231,89
1754850,231,89
50990,231,89
975620,231,89
1079700,231,89
383270,231,89
250110,231,89
564010,231,89
1120810,231,89
1761070,231,89
1883260,231,89
787850,231,89
638000,231,89
368080,231,89
1549690,231,89
1456650,231,89
1273540,231,89
1144030,231,89
826540,231,89
1176710,231,89
1683380,231,89
582270,231,89
1330460,231,89
299740,231,89
818610,231,89
603390,231,89
351170,231,89
1979440,231,89
2014550,231,89
3200740,231,89
1327080,231,89
268130,231,89
440310,231,89
1867530,231,89
671510,231,89
1986310,231,89
3024830,231,89
3265070,231,89
1755070,231,89
1757490,231,89
1663640,231,89
972840,231,89
311720,231,89
497180,231,89
3239440,231,89
1178150,232,19
404040,232,19
281520,232,19
11480,232,19
2020520,232,19
347980,232,19
356270,232,19
245430,232,19
2020530,232,19
2633500,232,19
3078920,232,19
245410,232,19
2020500,232,19
289500,232,19
289200,232,19
292160,232,19
2020480,232,19
3556770,232,19
3163060,232,19
1181030,233,42
3187730,233,42
2254600,233,42
2074890,233,42
1091920,233,42
1390190,233,42
1112140,233,42
3183350,233,42
549240,233,42
1570330,233,42
2313160,233,42
952040,233,42
1187510,233,42
1993180,233,42
2714210,233,42
2300160,233,42
1037330,233,42
241240,233,42
285740,233,42
2109270,233,42
1284820,233,42
1370170,233,42
2251010,233,42
3140130,233,42
1978150,233,42
2056560,233,42
1221540,233,42
595960,233,42
45300,233,42
1421750,233,42
588690,233,42
933230,233,42
2507840,233,42
421040,233,42
776890,233,42
3049460,233,42
2064810,233,42
1226640,233,42
1538730,233,42
1185520,233,42
1602540,233,42
3718120,233,42
1420300,234,23
223870,234,23
427700,234,23
1273260,234,23
229480,234,23
587110,234,23
2330750,234,23
427680,234,23
330390,234,23
223810,234,23
312540,234,23
1034860,234,23
1411020,234,23
1177030,234,23
251270,234,23
1195560,234,23
207350,234,23
951820,234,23
312560,234,23
1420290,234,23
425100,234,23
207320,234,23
420560,234,23
691770,235,77
1084790,235,77
274980,235,77
991810,235,77
666570,235,77
2216770,235,77
458820,235,77
1273100,235,77
1019550,235,77
259060,235,77
378360,235,77
1638300,235,77
1743130,235,77
1511460,235,77
2304990,235,77
1516820,235,77
1669010,235,77
672630,235,77
328310,235,77
462940,235,77
370810,235,77
1859290,235,77
667610,235,77
318020,235,77
1746930,235,77
1407180,235,77
749960,235,77
486860,235,77
1397290,235,77
1332470,235,77
288140,235,77
821250,235,77
1770050,235,77
2333720,235,77
2635350,235,77
2445480,235,77
1162670,235,77
747910,235,77
2214790,235,77
2810880,235,77
993620,235,77
700820,235,77
1254320,235,77
38100,235,77
598960,235,77
2298690,235,77
38080,235,77
276870,235,77
3013260,235,77
2227450,235,77
704510,235,77
863500,235,77
781180,235,77
1241910,235,77
223830,235,77
1573590,235,77
1857080,235,77
818520,235,77
1112790,235,77
957070,235,77
732050,235,77
631540,235,77
882140,235,77
2531940,235,77
38110,235,77
1401340,235,77
1413370,235,77
1706360,235,77
2198070,235,77
1356810,235,77
983380,235,77
255520,235,77
1755940,235,77
1146600,235,77
2449450,235,77
329070,235,77
1491440,235,77
205330,236,152
891020,236,152
722060,236,152
224060,236,152
602410,236,152
223160,236,152
1638330,236,152
203600,236,152
223670,236,152
217410,236,152
955560,236,152
16830,236,152
229170,236,152
498880,236,152
1217380,236,152
61530,236,152
261020,236,152
881000,236,152
584150,236,152
81400,236,152
1267520,236,152
330040,236,152
325490,236,152
419230,236,152
225140,236,152
2340870,236,152
423040,236,152
214850,236,152
2491200,236,152
1485100,236,152
202480,236,152
223650,236,152
274450,236,152
428420,236,152
1178410,236,152
42670,236,152
342290,236,152
524440,236,152
81130,236,152
852710,236,152
1753320,236,152
2446550,236,152
769680,236,152
1442400,236,152
218630,236,152
2311530,236,152
406230,236,152
20590,236,152
1490680,236,152
19930,236,152
1471280,236,152
868750,236,152
421720,236,152
619960,236,152
321650,236,152
1510700,236,152
227740,236,152
375380,236,152
444510,236,152
443900,236,152
3004100,236,152
1393600,236,152
261590,236,152
261450,236,152
963580,236,152
306300,236,152
1035140,236,152
210990,236,152
1243860,236,152
223350,236,152
1102340,236,152
785260,236,152
566840,236,152
223140,236,152
297690,236,152
321040,236,152
306110,236,152
588720,236,152
330160,236,152
218450,236,152
228980,236,152
1850050,236,152
407250,236,152
2183980,236,152
1843940,236,152
343010,236,152
81700,236,152
2941310,236,152
317140,236,152
728470,236,152
2447420,236,152
419400,236,152
499280,236,152
459470,236,152
65110,236,152
660160,236,152
817480,236,152
1736690,236,152
211670,236,152
305540,236,152
1722760,236,152
322090,236,152
1184050,236,152
545990,236,152
21900,236,152
1636030,236,152
306330,236,152
210410,236,152
61830,236,152
218130,236,152
408630,236,152
418550,236,152
2556610,236,152
1054050,236,152
2889660,236,152
1475850,236,152
228240,236,152
758330,236,152
460870,236,152
1750420,236,152
47930,236,152
1666750,236,152
1449280,236,152
567090,236,152
3021190,236,152
418720,236,152
214310,236,152
868550,236,152
21610,236,152
58310,236,152
321900,236,152
1098260,236,152
217430,236,152
1457520,236,152
222960,236,152
5480,236,152
385720,236,152
824550,236,152
2588000,236,152
1267420,236,152
330710,236,152
2462490,236,152
981890,236,152
2394270,236,152
403750,236,152
205930,236,152
211140,236,152
1461920,236,152
2667530,236,152
375900,236,152
63930,236,152
693660,236,152
495480,237,20
252690,237,20
1232460,237,20
1271700,237,20
2113920,237,20
744060,237,20
411830,237,20
1074080,237,20
889510,237,20
502800,237,20
1282590,237,20
730310,237,20
444930,237,20
885000,237,20
1090630,237,20
300790,237,20
1562940,237,20
1944790,237,20
1097580,237,20
1538750,237,20
2977620,238,20
956240,238,20
586620,238,20
1532250,238,20
1427920,238,20
354820,238,20
564340,238,20
1777390,238,20
1600230,238,20
3453320,238,20
1811500,238,20
355640,238,20
400430,238,20
623080,238,20
352200,238,20
2510770,238,20
731760,238,20
1034370,238,20
366000,238,20
1546370,238,20
10270,239,51
33520,239,51
3307570,239,51
39000,239,51
305260,239,51
73230,239,51
17100,239,51
1764210,239,51
17120,239,51
1934300,239,51
3497130,239,51
73020,239,51
517810,239,51
42980,239,51
283530,239,51
301260,239,51
23490,239,51
1314230,239,51
401660,239,51
396430,239,51
339210,239,51
61500,239,51
2735630,239,51
279420,239,51
37210,239,51
412350,239,51
2414860,239,51
324090,239,51
1785820,239,51
719320,239,51
1810580,239,51
574070,239,51
3693350,239,51
25830,239,51
42810,239,51
1491170,239,51
33570,239,51
356430,239,51
204940,239,51
330590,239,51
2602560,239,51
1259380,239,51
2418210,239,51
975640,239,51
42890,239,51
394320,239,51
2061430,239,51
373940,239,51
37220,239,51
200550,239,51
23450,239,51
1528560,240,23
1683950,240,23
1528540,240,23
1997460,240,23
793940,240,23
1997480,240,23
2651530,240,23
3260620,240,23
2651570,240,23
3122900,240,23
2442390,240,23
1271190,240,23
2564070,240,23
2651460,240,23
3164640,240,23
1571820,240,23
1527980,240,23
1918680,240,23
1632750,240,23
3170410,240,23
2334130,240,23
1925010,240,23
439800,240,23
28000,241,148
214870,241,148
503620,241,148
274230,241,148
42170,241,148
383230,241,148
224460,241,148
230210,241,148
907770,241,148
352220,241,148
70000,241,148
1195360,241,148
628670,241,148
595140,241,148
270070,241,148
274940,241,148
691790,241,148
201120,241,148
493180,241,148
844260,241,148
522210,241,148
612820,241,148
223100,241,148
63380,241,148
22350,241,148
233980,241,148
252330,241,148
637100,241,148
914010,241,148
24480,241,148
265000,241,148
81410,241,148
418180,241,148
57900,241,148
1062140,241,148
1065300,241,148
275100,241,148
1016730,241,148
360170,241,148
49540,241,148
7510,241,148
377080,241,148
329960,241,148
1237490,241,148
57620,241,148
247660,241,148
253940,241,148
313010,241,148
212560,241,148
714120,241,148
446790,241,148
9940,241,148
512890,241,148
5750,241,148
34870,241,148
318080,241,148
81520,241,148
460700,241,148
406850,241,148
1399700,241,148
476650,241,148
871530,241,148
226100,241,148
466160,241,148
304610,241,148
496390,241,148
269790,241,148
45770,241,148
908050,241,148
408640,241,148
1229420,241,148
658150,241,148
34830,241,148
55100,241,148
588740,241,148
785740,241,148
256190,241,148
232770,241,148
1209490,241,148
228300,241,148
34880,241,148
43000,241,148
65930,241,148
272510,241,148
638070,241,148
347830,241,148
239250,241,148
394760,241,148
285600,241,148
396090,241,148
57740,241,148
546430,241,148
782140,241,148
638160,241,148
1272310,241,148
250400,241,148
301910,241,148
446020,241,148
968870,241,148
533950,241,148
481110,241,148
480430,241,148
401680,241,148
217140,241,148
414740,241,148
235380,241,148
553260,241,148
49600,241,148
300610,241,148
320040,241,148
65530,241,148
43190,241,148
512300,241,148
40390,241,148
2870,241,148
424370,241,148
338310,241,148
487720,241,148
63940,241,148
28020,241,148
208670,241,148
435100,241,148
250680,241,148
438590,241,148
1086010,241,148
48800,241,148
91600,241,148
238430,241,148
402130,241,148
287630,241,148
1096410,241,148
34200,241,148
343710,241,148
297660,241,148
691690,241,148
304530,241,148
530630,241,148
221260,241,148
221810,241,148
91610,241,148
253980,241,148
400180,241,148
767390,241,148
304730,241,148
1011670,241,148
298600,241,148
209540,241,148
205230,241,148
31900,242,152
640340,242,152
687260,242,152
261510,242,152
809890,242,152
1179210,242,152
12310,242,152
2590,242,152
248550,242,152
322920,242,152
6510,242,152
290530,242,152
326410,242,152
7020,242,152
338140,242,152
313810,242,152
770110,242,152
506610,242,152
333930,242,152
211780,242,152
1173220,242,152
354140,242,152
728740,242,152
254460,242,152
359900,242,152
247910,242,152
99400,242,152
15270,242,152
712190,242,152
425210,242,152
448370,242,152
842100,242,152
572740,242,152
3820,242,152
1082680,242,152
9710,242,152
214250,242,152
21670,242,152
356210,242,152
605800,242,152
80450,242,152
264560,242,152
22140,242,152
492180,242,152
243930,242,152
2100,242,152
298900,242,152
29900,242,152
469820,242,152
381640,242,152
22450,242,152
296180,242,152
1012570,242,152
41000,242,152
236810,242,152
6120,242,152
354180,242,152
32620,242,152
339230,242,152
32450,242,152
277430,242,152
224300,242,152
333430,242,152
847360,242,152
15080,242,152
207190,242,152
545980,242,152
11340,242,152
96000,242,152
426790,242,152
260690,242,152
233290,242,152
262830,242,152
100,242,152
98500,242,152
6080,242,152
593150,242,152
301650,242,152
205840,242,152
549170,242,152
310080,242,152
209080,242,152
614090,242,152
241280,242,152
311100,242,152
3270,242,152
1554970,242,152
233720,242,152
405500,242,152
12330,242,152
361300,242,152
265690,242,152
415740,242,152
31920,242,152
1161880,242,152
377300,242,152
260330,242,152
260190,242,152
245280,242,152
259190,242,152
6400,242,152
735500,242,152
411000,242,152
934780,242,152
568070,242,152
362860,242,152
314630,242,152
1000570,242,152
854940,242,152
939520,242,152
939100,242,152
95900,242,152
510390,242,152
315260,242,152
260710,242,152
1191900,242,152
21010,242,152
1736290,242,152
237630,242,152
286460,242,152
1172190,242,152
289300,242,152
532270,242,152
624970,242,152
408920,242,152
200910,242,152
32650,242,152
338390,242,152
3710,242,152
23700,242,152
299680,242,152
945160,242,152
319170,242,152
351940,242,152
1215270,242,152
523650,242,152
381990,242,152
254480,242,152
39670,242,152
250620,242,152
13140,242,152
1410690,242,152
41900,242,152
373720,242,152
260750,242,152
231330,242,152
537450,242,152
227100,242,152
22610,242,152
444980,242,152
233470,242,152
264280,242,152
297750,243,134
1171820,243,134
1329480,243,134
940790,243,134
2803810,243,134
940680,243,134
893010,243,134
557710,243,134
365210,243,134
2251340,243,134
1390700,243,134
1930100,243,134
811880,243,134
841190,243,134
707320,243,134
1095860,243,134
888790,243,134
1186040,243,134
1277940,243,134
1788930,243,134
440880,243,134
1046790,243,134
940780,243,134
3002930,243,134
540670,243,134
1074570,243,134
936530,243,134
684410,243,134
722600,243,134
1009460,243,134
1624910,243,134
752820,243,134
1523990,243,134
1045720,243,134
206060,243,134
409600,243,134
1647490,243,134
1073910,243,134
1600170,243,134
2947240,243,134
1662850,243,134
889910,243,134
1395020,243,134
112100,243,134
1325900,243,134
1272130,243,134
1158820,243,134
1336120,243,134
1172650,243,134
1055970,243,134
1069820,243,134
738550,243,134
1084640,243,134
765870,243,134
2591380,243,134
1261390,243,134
940710,243,134
423550,243,134
319850,243,134
1594060,243,134
396240,243,134
22600,243,134
207970,243,134
1248590,243,134
1701800,243,134
1842690,243,134
776000,243,134
1858900,243,134
250460,243,134
361850,243,134
1290350,243,134
3015620,243,134
322190,243,134
1859360,243,134
337850,243,134
70660,243,134
356000,243,134
1367320,243,134
1340130,243,134
1252710,243,134
1521160,243,134
688010,243,134
1340120,243,134
610900,243,134
266310,243,134
1171840,243,134
1495100,243,134
386530,243,134
1329420,243,134
400580,243,134
291170,243,134
923350,243,134
428510,243,134
269010,243,134
757310,243,134
822760,243,134
3042830,243,134
2216830,243,134
1329450,243,134
581300,243,134
200990,243,134
2377410,243,134
2185770,243,134
1266100,243,134
2817140,243,134
270910,243,134
970850,243,134
70640,243,134
752860,243,134
1469910,243,134
567010,243,134
2804510,243,134
2402280,243,134
1373430,243,134
390030,243,134
643580,243,134
820030,243,134
368220,243,134
922410,243,134
606710,243,134
1662840,243,134
849560,243,134
1272110,243,134
763940,243,134
1427980,243,134
1328840,243,134
1011190,243,134
201010,243,134
1011940,243,134
1859370,243,134
2015000,243,134
343370,243,134
1058130,243,134
895200,243,134
646150,244,65
269550,244,65
2478800,244,65
742490,244,65
1760250,244,65
550200,244,65
327640,244,65
661450,244,65
1431610,244,65
3166530,244,65
561770,244,65
1313310,244,65
1957230,244,65
742480,244,65
715410,244,65
1457220,244,65
1204920,244,65
1551160,244,65
374640,244,65
1160220,244,65
45750,244,65
733070,244,65
956200,244,65
3358270,244,65
307640,244,65
1141220,244,65
861270,244,65
1369760,244,65
1101790,244,65
2508400,244,65
1296540,244,65
1115050,244,65
1151610,244,65
317400,244,65
575100,244,65
1904160,244,65
1302800,244,65
2370170,244,65
885440,244,65
853150,244,65
3193670,244,65
2419800,244,65
1148570,244,65
2123310,244,65
1580790,244,65
486940,244,65
794860,244,65
3290710,244,65
333950,244,65
10620,244,65
1563490,244,65
1796580,244,65
895990,244,65
1953970,244,65
3289580,244,65
618850,244,65
1832640,244,65
2477950,244,65
2318480,244,65
532190,244,65
1393370,244,65
386290,244,65
921590,244,65
740260,244,65
733050,244,65
1855200,245,3
1995300,245,3
220960,245,3
1170760,246,2
201700,246,2
580200,247,49
1519090,247,49
2331330,247,49
2304440,247,49
236150,247,49
1584760,247,49
1179080,247,49
1992330,247,49
1742930,247,49
400240,247,49
2966850,247,49
1150530,247,49
1792250,247,49
1210150,247,49
1111460,247,49
1109690,247,49
917720,247,49
1319460,247,49
1297330,247,49
1058450,247,49
1582270,247,49
882650,247,49
1118240,247,49
490450,247,49
943140,247,49
1234430,247,49
2417770,247,49
1316960,247,49
299460,247,49
1880610,247,49
673000,247,49
303610,247,49
1092660,247,49
1371720,247,49
1144770,247,49
984800,247,49
823500,247,49
1732050,247,49
515960,247,49
581660,247,49
838630,247,49
730390,247,49
2076580,247,49
464060,247,49
3413740,247,49
1029890,247,49
313780,247,49
495350,247,49
1024480,247,49
211050,248,11
1263470,248,11
253860,248,11
1673190,248,11
7520,248,11
554620,248,11
1210810,248,11
2314820,248,11
2748830,248,11
253880,248,11
1900,248,11
444570,249,111
1570510,249,111
1066110,249,111
529830,249,111
1324340,249,111
269470,249,111
2520980,249,111
2244160,249,111
837510,249,111
620040,249,111
668660,249,111
1242710,249,111
1774380,249,111
1247290,249,111
689520,249,111
521880,249,111
1403800,249,111
958210,249,111
649500,249,111
314500,249,111
1325730,249,111
1811950,249,111
372390,249,111
1162550,249,111
617570,249,111
3276060,249,111
398810,249,111
2576030,249,111
2576020,249,111
1416190,249,111
1269950,249,111
3040760,249,111
868410,249,111
2171290,249,111
878880,249,111
1250650,249,111
2213190,249,111
2582050,249,111
1023940,249,111
2424110,249,111
362870,249,111
857320,249,111
1497120,249,111
262490,249,111
383730,249,111
860670,249,111
1585850,249,111
1418790,249,111
1279590,249,111
611660,249,111
1480140,249,111
1783530,249,111
1289520,249,111
2071010,249,111
2366530,249,111
237370,249,111
3366300,249,111
863910,249,111
1698340,249,111
524390,249,111
684690,249,111
1089000,249,111
1570130,249,111
769670,249,111
571890,249,111
2115630,249,111
868400,249,111
403030,249,111
1105450,249,111
1252010,249,111
1685460,249,111
2707140,249,111
1403840,249,111
798510,249,111
978990,249,111
388980,249,111
1024640,249,111
2829100,249,111
492090,249,111
3276070,249,111
251810,249,111
942300,249,111
1061690,249,111
479330,249,111
1036640,249,111
1811070,249,111
570090,249,111
2620350,249,111
819020,249,111
2570810,249,111
1325400,249,111
1357860,249,111
1696400,249,111
498310,249,111
1283440,249,111
218760,249,111
524410,249,111
707280,249,111
861590,249,111
483950,249,111
479010,249,111
583850,249,111
617560,249,111
316830,249,111
554820,249,111
326690,249,111
2171280,249,111
1253550,249,111
1040730,249,111
2070990,249,111
1074870,249,111
2516360,250,5
1133690,250,5
3529970,250,5
1335290,250,5
716140,250,5
2283780,251,95
3338660,251,95
200570,251,95
1800770,251,95
1421390,251,95
3425890,251,95
1065020,251,95
2109010,251,95
977340,251,95
2123100,251,95
2532050,251,95
752550,251,95
704360,251,95
619310,251,95
728430,251,95
2493220,251,95
202310,251,95
1474100,251,95
405590,251,95
1114030,251,95
3292260,251,95
747050,251,95
2433730,251,95
553290,251,95
299020,251,95
1387560,251,95
2078450,251,95
522130,251,95
481870,251,95
464240,251,95
1024330,251,95
734870,251,95
2069040,251,95
3464510,251,95
1519890,251,95
953340,251,95
2415240,251,95
2137590,251,95
3349850,251,95
1720850,251,95
1299400,251,95
1270980,251,95
3066570,251,95
409290,251,95
2021450,251,95
2772820,251,95
2741670,251,95
1864950,251,95
2783430,251,95
867180,251,95
1026160,251,95
745310,251,95
1230800,251,95
1384320,251,95
946700,251,95
1635790,251,95
318600,251,95
1763830,251,95
347950,251,95
2698870,251,95
600740,251,95
997560,251,95
855550,251,95
722180,251,95
349950,251,95
1906850,251,95
358390,251,95
1689640,251,95
1397390,251,95
1771700,251,95
655740,251,95
2141300,251,95
539270,251,95
1184790,251,95
3166930,251,95
693210,251,95
1822550,251,95
750850,251,95
788200,251,95
464950,251,95
422630,251,95
2506090,251,95
1091010,251,95
462930,251,95
2963230,251,95
1126260,251,95
2075580,251,95
1070230,251,95
1096520,251,95
1577420,251,95
872560,251,95
2530170,251,95
359420,251,95
536990,251,95
1037010,251,95
1532190,252,3
1613450,252,3
1695790,252,3
596140,253,10
1137770,253,10
1099550,253,10
3145640,253,10
670450,253,10
3613770,253,10
278190,253,10
821770,253,10
670460,253,10
1081730,253,10
1054580,254,3
1844610,254,3
1337970,254,3
1208080,255,62
779260,255,62
1551180,255,62
441770,255,62
2779170,255,62
1727420,255,62
444970,255,62
2548620,255,62
2138250,255,62
755540,255,62
1175390,255,62
2480630,255,62
1443900,255,62
2828790,255,62
1573010,255,62
1454500,255,62
1691110,255,62
967130,255,62
451650,255,62
1093880,255,62
337070,255,62
1121930,255,62
2479000,255,62
3368750,255,62
2752040,255,62
597840,255,62
1251530,255,62
1732000,255,62
2385900,255,62
1832750,255,62
770170,255,62
257400,255,62
768970,255,62
809270,255,62
1009330,255,62
909870,255,62
398240,255,62
1091650,255,62
1358800,255,62
1234730,255,62
870820,255,62
1905640,255,62
2436790,255,62
2488350,255,62
2174170,255,62
1740670,255,62
981590,255,62
1688750,255,62
1368630,255,62
1904690,255,62
1006850,255,62
579920,255,62
2641350,255,62
881680,255,62
619250,255,62
1468090,255,62
1049340,255,62
2095190,255,62
2386460,255,62
2187210,255,62
780100,255,62
1560410,255,62
2947590,256,2
768100,256,2
1884960,257,3
3046570,257,3
3046550,257,3
506160,258,2
1451150,258,2
2331610,259,10
691190,259,10
919280,259,10
3529700,259,10
1445310,259,10
2201210,259,10
3337800,259,10
431570,259,10
1146720,259,10
1244040,259,10
1133640,260,2
1820040,260,2
821680,261,15
689850,261,15
1353710,261,15
2592170,261,15
1022230,261,15
791040,261,15
533970,261,15
327140,261,15
1794970,261,15
3619310,261,15
583510,261,15
741150,261,15
1248360,261,15
1366950,261,15
2434260,261,15
294270,262,28
637330,262,28
229520,262,28
38730,262,28
4100,262,28
297080,262,28
200130,262,28
1941660,262,28
421780,262,28
1859490,262,28
676420,262,28
1462470,262,28
1168630,262,28
1943870,262,28
38720,262,28
1839880,262,28
1014280,262,28
328440,262,28
328450,262,28
528250,262,28
1305420,262,28
3145320,262,28
3017140,262,28
338710,262,28
498850,262,28
973220,262,28
2485350,262,28
235250,262,28
230780,263,2
348200,263,2
1164010,264,48
547280,264,48
2620310,264,48
1006710,264,48
497150,264,48
3310660,264,48
679560,264,48
3243840,264,48
1694750,264,48
964080,264,48
1250070,264,48
2874180,264,48
1170130,264,48
3138960,264,48
1635730,264,48
2124470,264,48
1458680,264,48
978680,264,48
501620,264,48
3065440,264,48
1529240,264,48
1113620,264,48
746470,264,48
2726120,264,48
1017060,264,48
3245770,264,48
834170,264,48
630900,264,48
2299510,264,48
349280,264,48
1649260,264,48
592260,264,48
3463150,264,48
2552330,264,48
927730,264,48
744570,264,48
3132990,264,48
1268040,264,48
1010800,264,48
954350,264,48
1014130,264,48
1163170,264,48
978690,264,48
3115390,264,48
1176110,264,48
1941720,264,48
1384020,264,48
1119570,264,48
1174860,265,3
787830,265,3
1004740,265,3
1745180,266,2
1683560,266,2
1046770,267,2
1858750,267,2
306640,268,134
1321720,268,134
418250,268,134
1027250,268,134
1024950,268,134
268890,268,134
2254740,268,134
2627780,268,134
416190,268,134
871980,268,134
1321680,268,134
645730,268,134
1998340,268,134
351970,268,134
311290,268,134
2418000,268,134
2545280,268,134
2264340,268,134
477870,268,134
687800,268,134
2394350,268,134
1167750,268,134
945770,268,134
798490,268,134
712970,268,134
1480810,268,134
494730,268,134
548840,268,134
312980,268,134
548810,268,134
3049990,268,134
281610,268,134
588190,268,134
644710,268,134
2297010,268,134
1836200,268,134
1715280,268,134
1763430,268,134
845890,268,134
541450,268,134
1779000,268,134
1620290,268,134
1450080,268,134
1345760,268,134
1121780,268,134
1163600,268,134
1154080,268,134
1677970,268,134
1788780,268,134
1363740,268,134
445430,268,134
2459750,268,134
566540,268,134
625980,268,134
2287330,268,134
467520,268,134
1163340,268,134
1866420,268,134
626600,268,134
2740080,268,134
958400,268,134
887800,268,134
2551110,268,134
1492730,268,134
506260,268,134
409850,268,134
287200,268,134
1368130,268,134
1451950,268,134
1135300,268,134
1348390,268,134
579020,268,134
1694430,268,134
1194590,268,134
370540,268,134
306630,268,134
1287840,268,134
694770,268,134
2581370,268,134
1379930,268,134
1732060,268,134
1363840,268,134
1096930,268,134
1151450,268,134
1246870,268,134
1029630,268,134
1454000,268,134
409890,268,134
1502380,268,134
1489970,268,134
1403440,268,134
330720,268,134
1840800,268,134
1328990,268,134
454120,268,134
409870,268,134
1457510,268,134
319260,268,134
1812300,268,134
1658920,268,134
1060220,268,134
2243710,268,134
953580,268,134
495280,268,134
1149550,268,134
1749750,268,134
692030,268,134
1786210,268,134
528640,268,134
1449500,268,134
2278010,268,134
574720,268,134
2659050,268,134
1386780,268,134
1683320,268,134
917150,268,134
1011390,268,134
587260,268,134
1223810,268,134
1047440,268,134
1624060,268,134
1196470,268,134
1314140,268,134
1620040,268,134
1369370,268,134
2224740,268,134
405900,268,134
1840080,268,134
1233880,268,134
2676000,268,134
1712010,268,134
313660,268,134
559100,268,134
1368870,268,134
2367970,269,5
2675800,269,5
1027280,269,5
1634720,269,5
2626650,269,5
1018680,270,5
991080,270,5
2442500,270,5
269290,270,5
776920,270,5
886900,271,2
525700,271,2
2905900,272,2
1864790,272,2
552770,273,3
1922750,273,3
1765720,273,3
1762550,274,3
428340,274,3
940920,274,3
317500,275,2
373590,275,2
878110,276,1
1074340,277,1
3694360,278,1
1245430,279,1
338040,280,1
355020,281,1
2637070,282,1
3279100,283,1
2520870,284,1
813530,285,1
1582650,286,1
531180,287,1
2512620,288,1
37940,289,1
538100,290,1
665370,291,1
2613060,292,1
6370,293,1
2612700,294,1
1100150,295,1
2412490,296,1
395860,297,1
844850,298,1
529640,299,1
628040,300,1
1016770,301,1
915330,302,1
3169620,303,1
1700270,304,1
2743970,305,1
797400,306,1
1039960,307,1
20530,308,1
2473640,309,1
672150,310,1
1040460,311,1
1649010,312,1
716390,313,1
1089790,314,1
491100,315,1
130,316,1
496450,317,1
1135260,318,1
22700,319,1
655360,320,1
21100,321,1
3572870,322,1
1356670,323,1
225000,324,1
1271280,325,1
